0.365926682949066 0.761921167373657 0.141349792480469 0.996951937675476 0.91123104095459 0.94095253944397 0.838680148124695 0.201122999191284 0.627479434013367 0.466935575008392 0.271678507328033 0.110703349113464 0.955169558525085 0.115406155586243 0.0115658044815063 0.852590441703796 0.381955206394196 0.84443736076355 0.307313978672028 0.0498251914978027 0.428817808628082 0.825002074241638 0.490845501422882 0.420037567615509 0.098139762878418 0.562184989452362 0.597829878330231 0.270682275295258 0.594017446041107 0.116593956947327 0.0707509517669678 0.65692937374115 0.793347954750061 0.0890481472015381 0.355204641819 0.344594776630402 0.960494637489319 0.979333877563477 0.288210928440094 0.937293887138367 0.52377063035965 0.398684561252594 0.868904829025269 0.398560583591461 0.311450183391571 0.120160341262817 0.501965701580048 0.391331970691681 0.490893304347992 0.776492714881897 0.766619563102722 0.691261410713196 0.70328414440155 0.482456505298615 0.434576570987701 0.455186665058136 0.543899238109589 0.811567544937134 0.944320559501648 0.182366728782654
0.203732132911682 0.567069232463837 0.290448009967804
|0.683681726455688 0.689392447471619 0.230637788772583 0.881394147872925 0.730740547180176 0.867690086364746 0.573540031909943 0.839466214179993 0.3153435587883 0.14862060546875 0.811942934989929 0.35116845369339 0.129266262054443 0.528737962245941 0.852766513824463 0.193658351898193 0.0736445188522339 0.133680701255798 0.265420258045197 0.992374062538147 0.542545139789581 0.19233775138855 0.478634059429169 0.526742398738861 0.361197531223297 0.456997215747833 0.00437068939208984 0.94925320148468 0.000277876853942871 0.228384017944336 0.9611496925354 0.035142183303833 0.0463684797286987 0.414685666561127 0.306885659694672 0.918775796890259 0.782328724861145 0.835573792457581 0.698642015457153 0.182053327560425 0.780085682868958 0.608372151851654 0.631338357925415 0.240994334220886 0.320164024829865 0.153217792510986 0.921504020690918 0.272160708904266 0.93560266494751 0.886791586875916 0.145668864250183 0.486277282238007 0.90721321105957 0.807869791984558 0.498187005519867 0.562843859195709 0.198938608169556 0.117754936218262 0.0232645273208618 0.0263324975967407
0.855728030204773 0.435748875141144 0.744967579841614
|0.0976847410202026 0.404624879360199 0.397993862628937 0.589470446109772 0.0469127893447876 0.604386270046234 0.641851305961609 0.1540207862854 0.295742690563202 0.519863784313202 0.521657526493073 0.854522943496704 0.23798131942749 0.98701286315918 0.918634295463562 0.0164965391159058 0.301842033863068 0.15892219543457 0.0815541744232178 0.057735800743103 0.893972992897034 0.930371642112732 0.801255941390991 0.789003252983093 0.099036693572998 0.45021516084671 0.560922205448151 0.490595281124115 0.0264608860015869 0.490862309932709 0.108122229576111 0.737675428390503 0.523800909519196 0.404870092868805 0.856592774391174 0.193406939506531 0.27347856760025 0.603197276592255 0.710470199584961 0.905178785324097 0.239338517189026 0.0151630640029907 0.517286002635956 0.49036830663681 0.896798729896545 0.428297102451324 0.0542852878570557 0.665675520896912 0.220222592353821 0.400517404079437 0.821917414665222 0.00564408302307129 0.289264261722565 0.980213761329651 0.778583407402039 0.264497697353363 0.274920284748077 0.950985789299011 0.76403534412384 0.38755601644516
0.466412603855133 0.863484382629395 0.618808567523956
|0.137992382049561 0.952438712120056 0.254581868648529 0.685487270355225 0.715914249420166 0.413988649845123 0.425156652927399 0.337452471256256 0.772128939628601 0.1317458152771 0.684211134910584 0.0995676517486572 0.990329742431641 0.0313479900360107 0.810199737548828 0.374661505222321 0.650163531303406 0.000124692916870117 0.0390646457672119 0.43943327665329 0.799964904785156 0.690827250480652 0.355219900608063 0.525974810123444 0.211587071418762 0.647892832756042 0.752541184425354 0.553931295871735 0.739061832427979 0.768673896789551 0.406209409236908 0.361075103282928 0.411909759044647 0.445420324802399 0.315973937511444 0.75748610496521 0.188261270523071 0.311921775341034 0.555250465869904 0.662996053695679 0.14092755317688 0.26036924123764 0.562807619571686 0.113622903823853 0.0510357618331909 0.0801272392272949 0.675541520118713 0.0910491943359375 0.63138222694397 0.222387433052063 0.786139726638794 0.689133405685425 0.610399425029755 0.0929642915725708 0.307925045490265 0.918813467025757 0.867080330848694 0.501343905925751 0.106106996536255 0.366144478321075
0.334949553012848 0.770322799682617 0.937283873558044
|0.203053951263428 0.577904641628265 0.575476586818695 0.50174468755722 0.655255079269409 0.469360291957855 0.902749300003052 0.507430374622345 0.32952207326889 0.67128586769104 0.278894484043121 0.424485504627228 0.312579333782196 0.752315402030945 0.881794929504395 0.362030208110809 0.986324429512024 0.173146843910217 0.783786058425903 0.414958536624908 0.224012613296509 0.946668028831482 0.748254895210266 0.183169960975647 0.208185911178589 0.752228379249573 0.0341883897781372 0.722005128860474 0.338131725788116 0.933667421340942 0.325878322124481 0.808976292610168 0.616899788379669 0.0416887998580933 0.198519587516785 0.333901345729828 0.177631497383118 0.180733323097229 0.165095090866089 0.320224940776825 0.00526881217956543 0.798768877983093 0.72771680355072 0.371722519397736 0.753366827964783 0.0874224901199341 0.980464100837708 0.665822863578796 0.385036408901215 0.861240386962891 0.0866796970367432 0.1590656042099 0.383732974529266 0.619709312915802 0.387305080890656 0.10276985168457 0.994082689285278 0.231910824775696 0.595546782016754 0.33780974149704
0.631346344947815 0.871425628662109 0.696954727172852
|0.711734771728516 0.221484184265137 0.868046045303345 0.579161822795868 0.514313995838165 0.523468554019928 0.617568790912628 0.903547406196594 0.474724590778351 0.169098258018494 0.452793657779694 0.851892948150635 0.115504741668701 0.713484406471252 0.507830798625946 0.587357461452484 0.857883214950562 0.0581092834472656 0.378069698810577 0.228840589523315 0.530682623386383 0.88353443145752 0.217710018157959 0.67513906955719 0.542796671390533 0.137568831443787 0.670520782470703 0.0947165489196777 0.750442147254944 0.835987091064453 0.913355112075806 0.54611724615097 0.106066465377808 0.356436550617218 0.88890528678894 0.3360396027565 0.0362051725387573 0.353809535503387 0.163136601448059 0.254603326320648 0.881820917129517 0.757445454597473 0.385267674922943 0.57379287481308 0.872498035430908 0.58889228105545 0.805268287658691 0.120927453041077 0.479482471942902 0.257682383060455 0.891989231109619 0.924917936325073 0.664592504501343 0.929409980773926 0.0375739336013794 0.93338406085968 0.569183051586151 0.315327942371368 0.00182604789733887 0.862652897834778
0.471536338329315 0.200156569480896 0.451252281665802
|0.631666421890259 0.425844490528107 0.219909429550171 0.0810024738311768 0.305114686489105 0.232381343841553 0.260628163814545 0.743626236915588 0.66430127620697 0.423709571361542 0.177485823631287 0.297312438488007 0.565931737422943 0.0737423896789551 0.638426661491394 0.799656987190247 0.445157110691071 0.438972055912018 0.834729909896851 0.421217501163483 0.708651542663574 0.87325382232666 0.76381504535675 0.448969542980194 0.117685198783875 0.419658720493317 0.540890395641327 0.104766845703125 0.438450038433075 0.442471325397491 0.220176696777344 0.828635931015015 0.0884686708450317 0.121092200279236 0.661563396453857 0.0642837285995483 0.109164953231812 0.866468071937561 0.427676618099213 0.553111493587494 0.24312436580658 0.290714681148529 0.578424155712128 0.872169137001038 0.674484729766846 0.68357515335083 0.176040887832642 0.0754098892211914 0.0470905303955078 0.529461324214935 0.395359814167023 0.381285727024078 0.421453297138214 0.264364421367645 0.242448687553406 0.408643543720245 0.925364017486572 0.697232007980347 0.207646131515503 0.839821219444275
0.616851985454559 0.755895256996155 0.736891508102417
|0.899908661842346 0.536138713359833 0.109175086021423 0.139014482498169 0.790725231170654 0.588021457195282 0.101107239723206 0.918955206871033 0.402728855609894 0.648425459861755 0.767261028289795 0.710546851158142 0.779327034950256 0.252096474170685 0.386706292629242 0.287978112697601 0.382868826389313 0.408933579921722 0.373870670795441 0.546522080898285 0.06647789478302 0.711942672729492 0.890604972839355 0.449298560619354 0.158704519271851 0.455104410648346 0.559281885623932 0.889341950416565 0.284342229366302 0.694535851478577 0.905404448509216 0.721296668052673 0.599191725254059 0.209261417388916 0.888519167900085 0.00583148002624512 0.884914875030518 0.046324610710144 0.785397171974182 0.796835780143738 0.835613608360291 0.70949113368988 0.181086182594299 0.780303120613098 0.806980729103088 0.309151351451874 0.452460110187531 0.939153552055359 0.030732274055481 0.843389749526978 0.584265649318695 0.760254144668579 0.778034806251526 0.603203117847443 0.834416747093201 0.136544346809387 0.391242802143097 0.420472204685211 0.639035940170288 0.32986968755722
0.873362064361572 0.550404012203217 0.212923288345337
|0.600307047367096 0.47445148229599 0.840352535247803 0.611612617969513 0.0822856426239014 0.131668210029602 0.464625298976898 0.770806908607483 0.873490571975708 0.595926344394684 0.616490542888641 0.109882593154907 0.684468746185303 0.189100384712219 0.598041236400604 0.992773294448853 0.964547038078308 0.394174993038177 0.235450148582459 0.693527936935425 0.287278354167938 0.462420165538788 0.666626691818237 0.748293042182922 0.970936894416809 0.195294976234436 0.351154386997223 0.688763976097107 0.542424380779266 0.0351767539978027 0.986993074417114 0.775194525718689 0.87243926525116 0.967216610908508 0.336005747318268 0.758002042770386 0.683949112892151 0.604311525821686 0.984697937965393 0.143965601921082 0.322833716869354 0.724048852920532 0.106699347496033 0.62592601776123 0.262429893016815 0.211089372634888 0.347573935985565 0.499524891376495 0.664891839027405 0.557702958583832 0.844895482063293 0.129418849945068 0.956245303153992 0.880386829376221 0.722762107849121 0.0307244062423706 0.376521170139313 0.390146553516388 0.113740801811218 0.387696325778961
0.281080305576324 0.559862315654755 0.794016718864441
