0.880759105784821 1.08496944676154 0.41595070878975 1.04360853205435 0.623802141053603 0.565220550401133 0.664425448281693 0.608539060456679 1.31353871594184 0.869578824145722 14 11
1.14148204098456 1.30175487766974 0.717106924159454 0.934117779834199 1.29634134541267 0.797565088374542 0.531086162431164 1.21195523510687 0.795706138713287 1.22992615471595 12 9
0.933452949626375 1.25338308583016 0.667784646851945 0.883569226367402 1.01565204630606 0.52348966966383 0.393973403377459 0.395739846630022 1.11894826660865 0.913882479770113 10 7
0.599191383225843 1.02761994372122 0.648696855409073 1.08139734040015 0.414901070995256 0.396166735095905 1.2856181121897 0.428693354828283 1.04975567827933 0.722303137881683 8 5
0.705673918826507 1.29348294506782 0.674006179673599 0.774766192538665 0.897000417811799 1.23836164246314 0.387382440967486 1.26450125942937 0.785706029040742 0.715054497821258 6 3
0.636453107697889 1.07308034668678 1.18127827416176 0.698322758777069 0.995717272860933 1.29923169384711 0.770461664302276 1.08970968495124 0.955775842769074 0.741864667041229 4 1
1.15661911736243 0.61762471566908 0.545885757310314 0.881835088832307
|0.676034574816003 1.04084066064096 0.923283135006203 1.06665698201395 1.34687731177546 0.92742649228312 0.421943405130875 1.26534233004786 0.45164535702206 0.83615771443583 14 11
0.699189787218347 1.27533719451166 0.436062437901271 0.771643435070291 1.17103836447932 0.928773557255043 1.29506478221155 1.30088052661158 0.588958506891503 0.514781346032394 12 9
0.643093352625146 1.14211640269496 0.404988742852581 1.05907992036081 1.0819688192103 0.623035793611779 0.494587292382492 0.9076615920756 1.18924603373744 0.654118185350671 10 7
0.821626817295327 0.495733370492233 0.755547528574243 0.722763901064173 0.596076374361291 1.18061218173244 1.19138286025264 1.28410539538599 1.23645410449244 0.934001242229714 8 5
0.385941123194058 1.2371368160937 0.738179569551721 1.138020371506 0.63527441532351 1.13437751443126 1.16826126486995 1.19413099200465 1.08349672467448 0.785950934002175 6 3
0.41616759584285 0.636215811083092 0.780048524448647 1.21879181773402 0.648652320215478 0.633087997743859 0.88344911248423 1.37394807250238 1.04319122941233 0.453867537388576 4 1
0.588770156214013 0.476997358212246 1.23110196501948 0.590255980798974
|0.69527667760849 0.799323081970215 0.626589953899384 0.468147695064545 0.373008877038956 0.45106452703476 0.864861726760864 0.450006902217865 0.929224491119385 0.967113852500916 14 11
0.530244767665863 0.591753661632538 0.321734338998795 0.353724747896194 0.392733514308929 0.167219415307045 0.67299097776413 0.724211633205414 0.0887458398938179 0.574863731861115 12 9
0.650578320026398 0.414303004741669 0.0123611707240343 0.535119354724884 0.483408272266388 0.406131207942963 0.794488668441772 0.267454773187637 0.495504796504974 0.457265317440033 10 7
0.579201757907867 0.791279792785645 0.296666651964188 0.513606607913971 0.848573684692383 0.193894058465958 0.497129857540131 0.209467560052872 0.189233690500259 0.78355610370636 8 5
0.595747768878937 0.138761177659035 0.994487881660461 0.973911881446838 0.687800943851471 0.818344235420227 0.486708462238312 0.729564249515533 0.711096107959747 0.849251627922058 6 3
0.680540263652802 0.385401427745819 0.575827181339264 0.152130022644997 0.413318574428558 0.184486404061317 0.0186331290751696 0.853475332260132 0.607116758823395 0.432034075260162 4 1
0.87995183467865 0.94080638885498 0.450837910175323 0.043363694101572
