0.340971738100052 0.657212793827057 0.795056343078613 0.843128800392151 0.694644391536713 0.341408163309097 0.907106161117554 0.68333774805069 0.853818893432617 0.373078614473343 0 0
0.349030286073685 0.737292349338531 0.0493751838803291 0.177025228738785 0.0604202747344971 0.656345427036285 0.939071536064148 0.0113070020452142 0.00147771835327148 0.54258269071579 0 0
0.287275850772858 0.848236322402954 0.0919251516461372 0.000219464331166819 0.578787863254547 0.561690747737885 0.380716741085052 0.953803539276123 0.434630572795868 0.807626008987427 0 0
0.673287093639374 0.751210570335388 0.772629618644714 0.0565198734402657 0.894858479499817 0.399863660335541 0.606712162494659 0.411150991916656 0.885436654090881 0.465211927890778 0 0
0.794689297676086 0.431911796331406 0.243907034397125 0.144207179546356 0.0814367532730103 0.453385293483734 0.81590735912323 0.277690321207047 0.6818727850914 0.621489346027374 0 0
0.50290185213089 0.370585232973099 0.62560361623764 0.598544061183929 0.287306696176529 0.616040527820587 0.630338609218597 0.911765098571777 0.884973645210266 0.135501638054848 0 0
0.81834864616394 0.558573186397552 0.530666053295136 0.348617941141129 0.176285281777382 0.0337793864309788 0 0
|0.533845648169518 0.183456502854824 0.434657678008079 0.52160157263279 0.520299389958382 0.634945631027221 0.345190916210413 0.61402553319931 0.86414897441864 0.537883535027504 0 0
0.788760483264923 0.0163501501083374 0.350127190351486 0.0393932461738586 0.0448272228240967 0.241465702652931 0.382514834403992 0.341320276260376 0.169528067111969 0.542207062244415 0 0
0.159822404384613 0.161286547780037 0.246161907911301 0.386811226606369 0.232740044593811 0.874688982963562 0.198114693164825 0.0784932002425194 0.149441450834274 0.529003202915192 0 0
0.203571304678917 0.775346696376801 0.367727845907211 0.458399102091789 0.925326287746429 0.085185706615448 0.191395416855812 0.159585744142532 0.338835403323174 0.571251824498176 0 0
0.498490635305643 0.771095246076584 0.516319707036018 0.596659496426582 0.549536883831024 0.708414107561111 0.525547936558723 0.607782423496247 0.694203048944473 0.743513852357864 0 0
0.323408335447312 0.454049412161112 0.793606698513031 0.316635221242905 0.813910365104676 0.390414699912071 0.703775852918624 0.22948207706213 0.425067767500877 0.534393355250358 0 0
0.784133583307266 0.357882298529148 0.457269312813878 0.610605075955391 0.755457252264023 0.600375860929489 0 0
|0.533845648169518 0.183456502854824 0.434657678008079 0.52160157263279 0.520299389958382 0.634945631027221 0.345190916210413 0.61402553319931 0.86414897441864 0.537883535027504 0 0
0.788760483264923 0.31202092859894 0.482882961630822 0.682436943054199 0.349625140428543 0.531827196478843 0.459618333727121 0.418148264288902 0.551444411277771 0.224909219890833 0 0
0.366019934881479 0.446814760565758 0.315107330679893 0.585732467472553 0.568271696567535 0.0102939680218697 0.307577431201935 0.54608166217804 0.352491140365601 0.121817596256733 0 0
0.378811478614807 0.0800358802080154 0.0308588296175003 0.0807892233133316 0.619353294372559 0.061861589550972 0.182369723916054 0.159585744142532 0.338835403323174 0.571251824498176 0 0
0.498490635305643 0.696539342403412 0.102603688836098 0.154066726565361 0.549536883831024 0.708414107561111 0.525547936558723 0.607782423496247 0.694203048944473 0.743513852357864 0 0
0.323408335447312 0.454049412161112 0.793606698513031 0.316635221242905 0.813910365104676 0.390414699912071 0.703775852918624 0.22948207706213 0.425067767500877 0.534393355250358 0 0
0.164327591657639 0.279691845178604 0.457269312813878 0.610605075955391 0.755457252264023 0.0891432464122772 0 0
|0.0590218380093575 0.714031875133514 0.255963832139969 0.642277538776398 0.956130743026733 0.0571701601147652 0.994816541671753 0.271144181489944 0.815160036087036 0.271959215402603 0 0
0.319925338029861 0.445556104183197 0.073224313557148 0.294823080301285 0.882605195045471 0.0876538828015327 0.807216048240662 0.372129589319229 0.627585589885712 0.994498014450073 0 0
0.173635736107826 0.766669392585754 0.959100961685181 0.316647559404373 0.628374874591827 0.913094401359558 0.858221411705017 0.789070248603821 0.460072100162506 0.53381222486496 0 0
0.532784163951874 0.548989951610565 0.00530457543209195 0.558991968631744 0.39312881231308 0.0904651954770088 0.799139499664307 0.456194698810577 0.0869724750518799 0.465211927890778 0 0
0.794689297676086 0.431911796331406 0.243907034397125 0.144207179546356 0.0814367532730103 0.2007797062397 0.496855348348618 0.037563681602478 0.389538317918777 0.133717715740204 0 0
0.2456034719944 0.323839098215103 0.240449488162994 0.242098361253738 0.432788759469986 0.131149172782898 0.258501589298248 0.612018764019012 0.349818289279938 0.101749911904335 0 0
0.343006908893585 0.0974651575088501 0.292980223894119 0.274965196847916 0.210603147745132 0.180355206131935 0 0
|0.533845648169518 0.183456502854824 0.434657678008079 0.0826067179441452 0.247468754649162 0.176461279392242 0.183855682611465 0.0897270441055298 0.435817301273346 0.492273330688477 0 0
0.687964141368866 0.0163501501083374 0.350127190351486 0.0393932461738586 0.0448272228240967 0.241465702652931 0.382514834403992 0.341320276260376 0.169528067111969 0.542207062244415 0 0
0.159822404384613 0.161286547780037 0.246161907911301 0.386811226606369 0.232740044593811 0.874688982963562 0.198114693164825 0.0784932002425194 0.149441450834274 0.529003202915192 0 0
0.203571304678917 0.775346696376801 0.0535348728299141 0.189643636345863 0.239886999130249 0.0645508319139481 0.280632644891739 0.159585744142532 0.338835403323174 0.571251824498176 0 0
0.498490635305643 0.771095246076584 0.516319707036018 0.596659496426582 0.549536883831024 0.708414107561111 0.525547936558723 0.607782423496247 0.694203048944473 0.743513852357864 0 0
0.323408335447312 0.124381221830845 0.250245928764343 0.36804136633873 0.189078390598297 0.249719694256783 0.480943858623505 0.487152844667435 0.00545696914196014 0.0845647901296616 0 0
0.435264825820923 0.0726841911673546 0.00975650362670422 0.0345086008310318 0.737437307834625 0.0848229229450226 0 0
|0.340971738100052 0.657212793827057 0.795056343078613 0.843128800392151 0.694644391536713 0.341408163309097 0.907106161117554 0.68333774805069 0.853818893432617 0.373078614473343 0 0
0.349030286073685 0.737292349338531 0.0493751838803291 0.264112710952759 0.822184920310974 0.656345427036285 0.939071536064148 0.0113070020452142 0.629063308238983 0.451915323734283 0 0
0.460911571979523 0.848236322402954 0.0919251516461372 0.000219464331166819 0.578787863254547 0.561690747737885 0.380716741085052 0.953803539276123 0.434630572795868 0.365173637866974 0 0
0.287122189998627 0.615603923797607 0.123099744319916 0.295093685388565 0.0385016202926636 0.416678726673126 0.285115033388138 0.157654792070389 0.431962192058563 0.371223270893097 0 0
0.88902485370636 0.396260768175125 0.687886536121368 0.76023006439209 0.943513154983521 0.453385293483734 0.81590735912323 0.277690321207047 0.6818727850914 0.621489346027374 0 0
0.50290185213089 0.449910491704941 0.190935790538788 0.247425824403763 0.514932513237 0.053977370262146 0.085357666015625 0.790408253669739 0.563772737979889 0.238132610917091 0 0
0.0621746778488159 0.421574383974075 0.349910914897919 0.124595522880554 0.821376323699951 0.345134079456329 0 0
|0.816120266914368 0.830488443374634 0.683501541614532 0.604208290576935 0.272830635309219 0.458484351634979 0.529046595096588 0.70375257730484 0.428331673145294 0.0456101931631565 0 0
0.100796356797218 0.328371077775955 0.132755771279335 0.721830189228058 0.304797917604446 0.773292899131775 0.842133164405823 0.759468555450439 0.381916344165802 0.76711630821228 0 0
0.206197530031204 0.285528212785721 0.0689454153180122 0.198921233415604 0.709294497966766 0.402255713939667 0.422634720802307 0.139471724629402 0.340635418891907 0.0155589580535889 0 0
0.75117015838623 0.893579840660095 0.0535348728299141 0.268755465745926 0.68543928861618 0.149736538529396 0.472028076648712 0.0678995922207832 0.183086767792702 0.871601462364197 0 0
0.416562855243683 0.289291888475418 0.526227176189423 0.789364755153656 0.202878534793854 0.0999493896961212 0.736983895301819 0.183615267276764 0.232481777667999 0.685096442699432 0 0
0.117634795606136 0.0172834396362305 0.479510128498077 0.472841024398804 0.412190109491348 0.342129498720169 0.388810783624649 0.11058908700943 0.324922740459442 0.117707371711731 0 0
0.331609457731247 0.0837246477603912 0.281840980052948 0.062943696975708 0.759296178817749 0.0582256317138672 0 0
|0.856035232543945 0.841503620147705 0.652390658855438 0.196568161249161 0.579821050167084 0.978816032409668 0.248868018388748 0.812778472900391 0.0880773141980171 0.945822954177856 14 12
0.70161110162735 0.0668393447995186 0.601929724216461 0.220462828874588 0.917763948440552 0.410518705844879 0.905277609825134 0.750576615333557 0.188064604997635 0.0303964652121067 12 10
0.632268249988556 0.684790432453156 0.345563679933548 0.681181848049164 0.184823170304298 0.64680415391922 0.296637207269669 0.919378161430359 0.543149173259735 0.262094646692276 10 8
0.196970015764236 0.530558049678802 0.154306307435036 0.372021704912186 0.766269207000732 0.0461260117590427 0.513948738574982 0.666215479373932 0.729167997837067 0.880621194839478 8 6
0.241894274950027 0.907325506210327 0.0904395654797554 0.621100246906281 0.0187870282679796 0.647017896175385 0.0972561985254288 0.73835414648056 0.903762221336365 0.0151793975383043 6 4
0.103113189339638 0.726008474826813 0.457783639431 0.873188972473145 0.706591665744781 0.663817226886749 0.520718991756439 0.160754218697548 0.729616582393646 0.76061749458313 4 2
0.194129973649979 0.383139669895172 0.480692088603973 0.536393702030182 0.134090080857277 0.231372505426407 0.809169888496399 0.158270850777626
|0.150721326470375 0.436152994632721 0.493863165378571 0.368439346551895 0.246484309434891 0.390697538852692 0.0114812860265374 0.56340366601944 0.872032880783081 0.942386031150818 14 12
0.365843445062637 0.94540810585022 0.888538122177124 0.185242787003517 0.233723312616348 0.090356357395649 0.0386203564703465 0.372181445360184 0.01670909114182 0.369883805513382 12 10
0.739618957042694 0.523657977581024 0.96150267124176 0.964225053787231 0.75320827960968 0.530242264270782 0.149240985512733 0.785207390785217 0.748206317424774 0.484171688556671 10 8
0.153289690613747 0.941619992256165 0.534602582454681 0.491071283817291 0.592312157154083 0.500865519046783 0.0976994186639786 0.68216472864151 0.224739581346512 0.343850046396255 8 6
0.463320910930634 0.169706717133522 0.00359165715053678 0.073556549847126 0.680744588375092 0.186270967125893 0.355541735887527 0.174205556511879 0.649891555309296 0.836227774620056 6 4
0.0160075444728136 0.248269468545914 0.909207701683044 0.541286408901215 0.331494599580765 0.0142186898738146 0.78536057472229 0.864366888999939 0.611930310726166 0.830461621284485 4 2
0.352482110261917 0.138682141900063 0.895460724830627 0.549200832843781 0.0940325409173965 0.265133529901505 0.412198483943939 0.215145975351334
|0.339273482561111 0.0994517952203751 0.614671885967255 0.249547630548477 0.252802282571793 0.656817853450775 0.0906187370419502 0.629550993442535 0.751538634300232 0.767447471618652 14 12
0.764211654663086 0.610800564289093 0.255091577768326 0.62891286611557 0.373231321573257 0.362868100404739 0.843650221824646 0.30498793721199 0.593980014324188 0.393843233585358 12 10
0.00643396470695734 0.3709856569767 0.416191875934601 0.175243034958839 0.899247407913208 0.934454798698425 0.249194532632828 0.590765416622162 0.0387116707861423 0.178618803620338 10 8
0.134788408875465 0.10085965692997 0.192995578050613 0.565184652805328 0.917292475700378 0.731356680393219 0.13020171225071 0.4130819439888 0.224196344614029 0.237056881189346 8 6
0.923264026641846 0.810737252235413 0.779981374740601 0.821672439575195 0.375549852848053 0.886088490486145 0.231390625238419 0.627803504467011 0.459406077861786 0.561045348644257 6 4
0.301696568727493 0.0876030996441841 0.770673990249634 0.282152205705643 0.825581550598145 0.218766242265701 0.862570762634277 0.33760729432106 0.5289346575737 0.695152461528778 4 2
0.687743842601776 0.57876580953598 0.0339616574347019 0.997187733650208 0.513252913951874 0.82183825969696 0.382132589817047 0.757399320602417
|0.674982957541943 0.506972473114729 0.559079609811306 0.562904931604862 0.247468754649162 0.176461279392242 0.183855682611465 0.658889055252075 0.646240323781967 0.29174686409533 0 0
0.44477842003107 0.320196003187447 0.307819366455079 0.702133566141129 0.327211529016495 0.652560047805309 0.650875749066472 0.588808409869671 0.466680377721787 0.496012764051557 0 0
0.286108732456342 0.36617148667574 0.192026372998953 0.386811226606369 0.141022801399231 0.391961753368378 0.115057289600372 0.406609952449799 0.0118557214736938 0.106258638203144 0 0
0.372358679771423 0.813543975353241 0.0226760432124138 0.187966242432594 0.0660859942436218 0.0878749489784241 0.289658337831497 0.0916861519217491 0.155748635530472 0.300349652767181 0 0
0.0819277763366699 0.407247453927994 0.423623502254486 0.635298013687134 0.34665834903717 0.60846471786499 0.211435958743095 0.424167156219482 0.461721271276474 0.058417409658432 0 0
0.205773547291756 0.436765968799591 0.636558413505554 0.394738122820855 0.613050237298012 0.36627209931612 0.546293318271637 0.17003558203578 0.37499525398016 0.326050363481044 0 0
0.247968524694443 0.181708246469498 0.369555146433413 0.33677438646555 0.757376715540886 0.0736844390630722 0 0
|0.598503485321998 0.749358206987381 0.723723500967026 0.519848480820656 0.637232720851898 0.660112097859383 0.577987089753151 0.74805811047554 0.470948103815317 0.659450784325599 0 0
0.525320693850517 0.402065847069025 0.325652454048395 0.242287769913674 0.869974434375763 0.533432066440582 0.922174572944641 0.380941808689386 0.408563956618309 0.241155894473195 0 0
0.54658991098404 0.766513377428055 0.218744415789843 0.340700656190165 0.381805516779423 0.604247450828552 0.338676974177361 0.936590850353241 0.488889873027802 0.313634142279625 0 0
0.242046102881432 0.573080986738205 0.138703025877476 0.333557695150375 0.402385413646698 0.231402369216084 0.39953188598156 0.411935135722161 0.580565094947815 0.625922232866287 0 0
0.565459564328193 0.651793137192726 0.389163050800562 0.690665155649185 0.48115009162575 0.55020159482956 0.456581778824329 0.508022233843804 0.792817503213882 0.318334371782839 0 0
0.399788647890091 0.276097983121872 0.266847848892212 0.625763177871704 0.191659152507782 0.609839856624603 0.435361325740814 0.629654049873352 0.165843844413757 0.5224848985672 0 0
0.131955295801163 0.0384347140789032 0.130781173706055 0.411798179149628 0.687286257743835 0.113761574029922 0 0
|0.296433743089438 0.448744188994169 0.178693845868111 0.120675966143608 0.435831338167191 0.577775478363037 0.649625599384308 0.342881351709366 0.048988938331604 0.265924334526062 0 0
0.468835145235062 0.133535176515579 0.409658640623093 0.387613862752914 0.532980024814606 0.309740539640188 0.633417190983891 0.395138926804065 0.589515000581742 0.609703617170453 0 0
0.269827835494653 0.606742076575756 0.637104146182537 0.451190013438463 0.598323285579681 0.461694184690714 0.582899421453476 0.667575955390931 0.406281620264053 0.327814910560847 0 0
0.455797821283341 0.31451291590929 0.0180817025247961 0.319890595972538 0.50624105334282 0.0761633925139904 0.49075461179018 0.307890221476554 0.212903939187527 0.518231876194477 0 0
0.646589966490865 0.564225569367409 0.173255361616611 0.149136953055859 0.315486818552017 0.454596906900406 0.511201642453671 0.322673052549363 0.541870683431625 0.438615784049034 0 0
0.284505903720856 0.388944255188107 0.517028093338012 0.279366791248321 0.623349562287331 0.260781936347484 0.481138721108436 0.420750420540571 0.387443028390408 0.318071633577347 0 0
0.253667250275612 0.188578501343727 0.375124768353998 0.335639864206314 0.54485410451889 0.0912119597196579 0 0
|0.436559565365314 0.1414541490376 0.524664781987667 0.166077174246311 0.250135518610478 0.416639566421509 0.137237209826708 0.359639018774032 0.593677967786789 0.629860401153564 0 0
0.726087898015976 0.313575357198715 0.302609384059906 0.334153056144714 0.209029272198677 0.302166901528835 0.613082528114319 0.0363323390483856 0.381754040718079 0.468025147914886 0 0
0.0831281845457852 0.209699109196663 0.1700299680233 0.21156819164753 0.666507363319397 0.0597658157348633 0.0510798394680023 0.512272238731384 0.110729776322842 0.350384414196014 0 0
0.0687828958034515 0.674487054347992 0.139460697770119 0.375541031360626 0.677405476570129 0.666805863380432 0.150430932641029 0.253496199846268 0.114639058709145 0.334194928407669 0 0
0.424773395061493 0.0396420061588287 0.263661682605743 0.225012943148613 0.462543368339538 0.797251299023628 0.294157296419144 0.0200210809707642 0.234796971082687 0.182468503713608 0 0
0.0217117667198181 0.0367781221866608 0.510459959506989 0.325096786022187 0.507329970598221 0.234242968261242 0.671757310628891 0.412380069494248 0.26719581335783 0.38985862582922 0 0
0.561504334211349 0.325725000351667 0.0218590805307031 0.51584816724062 0.62534511089325 0.453330591320991 0 0
|0.244997404515743 0.267802394926548 0.554267525672913 0.308993488550186 0.249643296003342 0.523757696151734 0.0510500115342438 0.596477329730988 0.811785757541656 0.854916751384735 0 0
0.565027549862862 0.778104335069656 0.571814849972725 0.407077826559544 0.303477317094803 0.226612228900194 0.441135289147496 0.338584691286087 0.305344552733004 0.38186351954937 0 0
0.373026460874826 0.447321817278862 0.688847273588181 0.569734044373035 0.826227843761444 0.732348531484603 0.199217759072781 0.687986403703689 0.393458994105458 0.331395246088504 0 0
0.144039049744606 0.521239824593068 0.363799080252647 0.528127968311309 0.754802316427231 0.616111099720001 0.113950565457344 0.547623336315155 0.224467962980271 0.290453463792801 0 0
0.69329246878624 0.490221984684468 0.391786515945569 0.44761449471116 0.528147220611572 0.536179728806019 0.293466180562973 0.401004530489445 0.554648816585541 0.698636561632157 0 0
0.158852056600153 0.167936284095049 0.839940845966339 0.411719307303429 0.578538075089455 0.116492466069758 0.823965668678283 0.526759624481201 0.0829956531524658 0.135309159755707 0 0
0.335261732339859 0.440083652734756 0.861499071121216 0.447986900806427 0.419220387935638 0.556704699993134 0 0
|0.457528535276651 0.77776774764061 0.396426826715469 0.445709377527237 0.37630969285965 0.921645879745483 0.745948553085327 0.541634321212769 0.7270827293396 0.673863708972931 0 0
0.381685763597488 0.378716766834259 0.528705418109894 0.0743602514266968 0.0351587533950806 0.322864830493927 0.0980615615844727 0.378447026014328 0.439520984888077 0.964101552963257 0 0
0.458632528781891 0.0818789601325989 0.613537311553955 0.364534288644791 0.443551689386368 0.779949277639389 0.577429309487343 0.85422420501709 0.50161063671112 0.397953435778618 0 0
0.364877089858055 0.539774000644684 0.079805441433564 0.465506836771965 0.579699009656906 0.0682956036180258 0.656544119119645 0.561205089092255 0.408070236444473 0.672916561365128 0 0
0.552795052528381 0.475413709878922 0.153467461466789 0.476893067359924 0.0626497268676758 0.446238189935684 0.39959916472435 0.700790464878082 0.51422393321991 0.118538320064545 0 0
0.142490282654762 0.40216937661171 0.217334151268005 0.631090641021729 0.569690212607384 0.397483199834824 0.389610290527344 0.38638649135828 0.539717435836792 0.431183703243733 0 0
0.268568441271782 0.240302413702011 0.386836156249046 0.405679449439049 0.172346614301205 0.205863855779171 0 0
|0.104871582239866 0.575092434883117 0.37491349875927 0.273838192224503 0.70964640378952 0.333527386188507 0.983335256576538 0.292259484529495 0.0568728446960449 0.670426845550537 0 0
0.0459181070327759 0.499852001667023 0.815313816070557 0.109580293297768 0.648881912231445 0.00270247459411621 0.768595695495605 5.18560409545898E-05 0.610876500606537 0.624614179134369 0 0
0.565983235836029 0.24301141500473 0.00240170955657959 0.647577464580536 0.124833405017853 0.382852137088776 0.708980441093445 0.00386285781860352 0.288134217262268 0.0496405363082886 0 0
0.379494458436966 0.392630040645599 0.529298007488251 0.0679206848144531 0.199183344841003 0.410400331020355 0.701440095901489 0.225970029830933 0.155856028199196 0.404530987143516 0 0
0.62900510430336 0.300809256732464 0.123749345773831 0.108881864696741 0.381090670824051 0.193525336682797 0.426198542118073 0.105884619057179 0.519714936614037 0.48497274518013 0 0
0.130805508233607 0.286054283380508 0.574828594923019 0.391692385077477 0.382141679525375 0.0726839313283563 0.521931082010269 0.738192826509475 0.480874300003052 0.46610576659441 0 0
0.347744509577751 0.118073649704457 0.594220474362373 0.412083014845848 0.152317844331264 0.22274436801672 0 0
|0.244997404515743 0.267802394926548 0.554267525672913 0.118891716003418 0.00631797313690186 0.266120314598084 0.0791374519467354 0.0661473274230957 0.120494246482849 0.174938559532166 0 0
0.398368209600449 0.334607541561127 0.633446514606476 0.443670094013214 0.139508008956909 0.272511750459671 0.80502986907959 0.0671935081481934 0.577270925045013 0.0239594280719757 0 0
0.733184993267059 0.152672320604324 0.545310795307159 0.788982033729553 0.146039128303528 0.404212534427643 0.0999535471200943 0.194441974163055 0.709494650363922 0.305552899837494 0 0
0.0185012817382813 0.840760350227356 0.341607004404068 0.0741133689880371 0.324980318546295 0.230491161346436 0.032502293586731 0.26908278465271 0.00054323673248291 0.106793165206909 0 0
0.459943115711212 0.641030550003052 0.776389718055725 0.74811589717865 0.305194735527039 0.699817538261414 0.124151110649109 0.453597962856293 0.19048547744751 0.2751824259758 0 0
0.285689026117325 0.16066637635231 0.138533711433411 0.259134203195572 0.49408695101738 0.204547554254532 0.0772101879119873 0.526759624481201 0.0829956531524658 0.135309159755707 0 0
0.335261732339859 0.440083652734756 0.861499071121216 0.447986900806427 0.419220387935638 0.543485894799232 0 0
|0.939837455749512 0.382344543933868 0.723670423030853 0.583753049373627 0.354236751794815 0.0457303561270237 0.351481944322586 0.605963051319122 0.889349699020386 0.642274796962738 14 12
0.664049685001373 0.466107904911041 0.172164931893349 0.900110721588135 0.334561139345169 0.894242167472839 0.00579083012416959 0.525739252567291 0.547163069248199 0.668080389499664 12 10
0.627699673175812 0.460660398006439 0.68705815076828 0.425457537174225 0.574838221073151 0.11816979944706 0.181035652756691 0.847236514091492 0.898175716400146 0.93254542350769 10 8
0.0735762193799019 0.500533998012543 0.475738942623138 0.41842132806778 0.0135700721293688 0.742343485355377 0.100752964615822 0.625789940357208 0.750099062919617 0.274226576089859 8 6
0.812900066375732 0.774200201034546 0.703727304935455 0.716499030590057 0.0270986594259739 0.400297820568085 0.817052483558655 0.993629813194275 0.251150399446487 0.015381695702672 6 4
0.913076281547546 0.0424877442419529 0.806743025779724 0.397096812725067 0.398133099079132 0.55418461561203 0.414381563663483 0.135707750916481 0.352239280939102 0.94874894618988 4 2
0.755200862884521 0.84725558757782 0.555303633213043 0.50278502702713 0.441643178462982 0.0350332297384739 0.562682688236237 0.439853250980377
|0.701689660549164 0.53640741109848 0.345535069704056 0.213094025850296 0.577566921710968 0.83697521686554 0.985337495803833 0.797923445701599 0.858157873153687 0.110090509057045 14 12
0.686278998851776 0.120099917054176 0.990538120269775 0.136084690690041 0.423571765422821 0.792672157287598 0.277362018823624 0.464463174343109 0.160292401909828 0.715676963329315 12 10
0.288138300180435 0.597757279872894 0.860100388526917 0.206057459115982 0.793797850608826 0.822008490562439 0.771796822547913 0.918758392333984 0.858846783638 0.274188071489334 10 8
0.117886796593666 0.224877029657364 0.587388098239899 0.117450848221779 0.839662194252014 0.713123857975006 0.922534108161926 0.28340807557106 0.945225477218628 0.143878117203712 8 6
0.409245312213898 0.652497470378876 0.42453807592392 0.720071613788605 0.197799831628799 0.589566051959991 0.407270848751068 0.49141126871109 0.844764709472656 0.867922186851501 6 4
0.296955734491348 0.00771987531334162 0.189672619104385 0.350834876298904 0.460275948047638 0.775593638420105 0.536156237125397 0.140534892678261 0.663098156452179 0.721505701541901 4 2
0.949497699737549 0.920911550521851 0.648091018199921 0.432547748088837 0.292361885309219 0.805379509925842 0.845675706863403 0.101483359932899
