0.822425772901627 1.02663611387834 0.357617375906557 0.985275199171159 0.565468808170409 0.506887217517939 0.606092115398499 0.550205727573485 1.25520538305864 0.811245491262528 14 11
1.08314870810136 1.24342154478654 0.65877359127626 0.875784446951005 1.23800801252947 0.739231755491348 0.47275282954797 1.15362190222367 0.737372805830093 1.17159282183275 12 9
0.875119616743181 1.19504975294696 0.609451313968751 0.825235893484208 0.957318713422867 0.465156336780636 0.335640070494266 0.337406513746829 1.06061493372545 0.855549146886919 10 7
0.540858050342649 0.969286610838029 0.590363522525879 1.02306400751695 0.356567738112063 0.337833402212711 1.2272847793065 0.37036002194509 0.991422345396135 0.663969804998489 8 5
0.647340585943313 1.23514961218462 0.615672846790405 0.716432859655471 0.838667084928605 1.18002830957994 0.329049108084293 1.20616792654617 0.727372696157548 0.656721164938064 6 3
0.578119774814695 1.01474701380358 1.12294494127856 0.639989425893875 0.937383939977739 1.24089836096391 0.712128331419082 1.03137635206804 0.89744250988588 0.683531334158035 4 1
1.09828578447923 0.559291382785886 0.48755242442712 0.823501755949113
|0.63636790921446 1.00117399503942 0.88361646940466 1.02699031641241 1.30721064617392 0.887759826681577 0.382276739529331 1.22567566444632 0.411978691420516 0.796491048834287 14 11
0.659523121616804 1.23567052891012 0.396395772299727 0.731976769468748 1.13137169887778 0.8891068916535 1.25539811661001 1.26121386101004 0.54929184128996 0.475114680430851 12 9
0.603426687023603 1.10244973709342 0.365322077251037 1.01941325475927 1.04230215360876 0.583369128010236 0.454920626780948 0.867994926474057 1.1495793681359 0.614451519749128 10 7
0.781960151693784 0.456066704890689 0.7158808629727 0.68309723546263 0.556409708759748 1.1409455161309 1.1517161946511 1.24443872978445 1.1967874388909 0.894334576628171 8 5
0.346274457592514 1.19747015049216 0.698512903950178 1.09835370590446 0.595607749721967 1.09471084882972 1.12859459926841 1.15446432640311 1.04383005907294 0.746284268400632 6 3
0.376500930241306 0.596549145481549 0.740381858847104 1.17912515213248 0.608985654613935 0.593421332142316 0.843782446882687 1.33428140690084 1.00352456381079 0.414200871787032 4 1
0.54910349061247 0.437330692610702 1.19143529941794 0.550589315197431
|0.69527667760849 0.799323081970215 0.626589953899384 0.468147695064545 0.373008877038956 0.45106452703476 0.864861726760864 0.450006902217865 0.929224491119385 0.967113852500916 14 11
0.530244767665863 0.591753661632538 0.321734338998795 0.353724747896194 0.392733514308929 0.167219415307045 0.67299097776413 0.724211633205414 0.0887458398938179 0.574863731861115 12 9
0.650578320026398 0.414303004741669 0.0123611707240343 0.535119354724884 0.483408272266388 0.406131207942963 0.794488668441772 0.267454773187637 0.495504796504974 0.457265317440033 10 7
0.579201757907867 0.791279792785645 0.296666651964188 0.513606607913971 0.848573684692383 0.193894058465958 0.497129857540131 0.209467560052872 0.189233690500259 0.78355610370636 8 5
0.595747768878937 0.138761177659035 0.994487881660461 0.973911881446838 0.687800943851471 0.818344235420227 0.486708462238312 0.729564249515533 0.711096107959747 0.849251627922058 6 3
0.680540263652802 0.385401427745819 0.575827181339264 0.152130022644997 0.413318574428558 0.184486404061317 0.0186331290751696 0.853475332260132 0.607116758823395 0.432034075260162 4 1
0.87995183467865 0.94080638885498 0.450837910175323 0.043363694101572
