0.210056573152542 0.180977240204811 0.196059376001358 0.919493436813354 0.56115847826004 0.321789175271988 0.091207392513752 0.916691184043884 0.411508858203888 0.782325744628906 14 12
0.222996741533279 0.480773866176605 0.311997205018997 0.815335154533386 0.596247732639313 0.396902024745941 0.955307126045227 0.32202211022377 0.929589509963989 0.598233878612518 12 10
0.441763341426849 0.284559398889542 0.271742850542068 0.699090421199799 0.113641753792763 0.825459122657776 0.0919543579220772 0.898109555244446 0.637871444225311 0.183740988373756 10 8
0.6182581782341 0.707812488079071 0.0148117560893297 0.623614013195038 0.691770851612091 0.861870050430298 0.205271154642105 0.12859334051609 0.476118624210358 0.764335155487061 8 6
0.0877010896801949 0.907082796096802 0.612533867359161 0.712814033031464 0.641163527965546 0.0934244468808174 0.63207072019577 0.453131139278412 0.460932791233063 0.973185539245605 6 4
0.0595080927014351 0.309661537408829 0.25216081738472 0.508242189884186 0.881304740905762 0.0247304476797581 0.328512936830521 0.44540137052536 0.569511353969574 0.382482826709747 4 2
0.250734120607376 0.843549013137817 0.136984601616859 0.991650104522705 0.378487884998322 0.0386357344686985 0.0668213441967964 0.628360569477081
|1.07037111936372 0.76704075752059 0.512490181310568 0.0919090195675391 0.919580189569387 0.892084924562368 0.843022195680532 0.358103988750366 0.359773276431945 0.985830156190795 14 12
0.699664620740805 0.137972449942026 0.91707977472106 0.833774356229696 0.928849188669119 0.850595442636405 1.05407973943513 0.108624905406033 0.538901476247702 0.914576260431204 12 10
0.106152743159329 0.622201351507101 0.997285215242313 0.173134660406504 0.491557387693318 0.786819128377829 0.724158076627645 0.522691754682455 0.14733896224061 0.869609443529043 10 8
0.765020517690573 0.161829209013376 0.978680340631406 0.284277675731568 0.127195330394897 0.991511670930787 1.0656493586139 1.05456694780152 0.251410467608363 0.979032008035581 8 6
0.45532917795935 0.105906933604276 0.571951417310629 0.91556986985961 0.957875220163261 0.232504827959926 0.114262195362244 1.05554088769715 0.762100843770895 0.102655261813198 6 4
0.737739114149008 0.340379355533509 0.909070340974722 0.435463784320739 0.255065901263147 0.820722607953939 0.900647847040091 1.01034375844758 0.995371429307863 0.515134004934225 4 2
0.431606290920166 0.589959411008749 1.08901807485383 0.613450555189047 0.999020187242436 0.599346784933004 0.253320915682703 0.545515446050558
|0.208855866268276 0.215098499134182 0.204836129024624 0.76083323247731 0.954533307626846 0.635089187696579 0.709930806234482 0.813837974146011 0.893698303774002 0.891162364557388 14 12
0.855550615862015 0.861750094965103 0.453130273893473 0.314980744197962 0.955054133012894 0.274952410534022 0.391286997869608 0.748316733911636 0.788580148294571 0.0385901693254711 12 10
0.686588792875412 0.592314868047836 0.0597653154283764 0.286630390956995 0.386251478269693 0.203487991169094 0.790362088754776 0.777374713495377 0.117223962023854 0.0313092235475779 10 8
0.581566243246201 0.308566926792261 0.807025759294632 0.0910858947783716 0.436560063436624 0.0885604459792386 0.526519446447493 0.0741219360381365 0.325356482341883 0.136955722048879 8 6
0.196364044025539 0.554730324819687 0.187835215404629 0.905240504816177 0.570842175558212 0.698246388509873 0.669083623960617 0.748652427271011 0.410844593122598 0.210867284610866 6 4
0.877738683298233 0.181957243755459 0.20696282275021 -0.000520256534218829 0.839056937769058 0.491908698156475 0.452636389806864 0.191198467090725 0.824951498582962 0.768058030679825 4 2
0.925359456613663 0.964954583719376 0.0937038499861967 0.522337107732894 0.145125730708241 0.843197434023026 0.958471267297867 0.592780737951401
|0.0674277618527412 0.717632591724396 0.436498463153839 0.0641059949994087 0.971393823623657 0.0906971767544746 0.889723777770996 0.733565986156464 0.515021502971649 0.0712858512997627 14 12
0.130379810929298 0.971307277679443 0.900771379470825 0.887326002120972 0.261523514986038 0.97341525554657 0.031352523714304 0.752577185630798 0.515731513500214 0.806976795196533 12 10
0.580062925815582 0.146224871277809 0.102351561188698 0.515179932117462 0.72223824262619 0.00865435693413019 0.102323070168495 0.226431638002396 0.610719978809357 0.127268567681313 10 8
0.925071835517883 0.620840489864349 0.151840701699257 0.654418289661407 0.973137974739075 0.257993131875992 0.904043793678284 0.0428909100592136 0.688538134098053 0.585211932659149 8 6
0.376818120479584 0.802629947662354 0.280673176050186 0.373905688524246 0.297174602746964 0.606722176074982 0.569228112697601 0.366581708192825 0.543547093868256 0.93143093585968 6 4
0.116918221116066 0.0815303400158882 0.587077915668488 0.532289326190948 0.735252916812897 0.829293131828308 0.629676878452301 0.172850385308266 0.504201471805573 0.170670047402382 4 2
0.099779024720192 0.504315316677094 0.397557556629181 0.463857710361481 0.0653196647763252 0.936467051506042 0.783710718154907 0.119898095726967
|0.518169701099396 0.583856880664825 0.0118277091532946 0.184277549386024 0.746194303035736 0.153857365250587 0.294715195894241 0.545679152011871 0.166430488228798 0.302310258150101 14 12
0.982290029525757 0.117011323571205 0.172675862908363 0.897169709205627 0.86887800693512 0.807364702224731 0.640299022197723 0.166115894913673 0.175829902291298 0.120116725564003 12 10
0.900724649429321 0.713300406932831 0.367237001657486 0.471320331096649 0.220353752374649 0.618889629840851 0.530999362468719 0.070127971470356 0.758070588111877 0.460017383098602 10 8
0.282517462968826 0.110881939530373 0.747079432010651 0.857184410095215 0.177140608429909 0.480709254741669 0.383561432361603 0.704480588436127 0.282539278268814 0.731655776500702 8 6
0.800962090492249 0.124023333191872 0.679352223873138 0.305477410554886 0.771425247192383 0.0386861599981785 0.0779100731015205 0.0478457286953926 0.646519482135773 0.323298960924149 6 4
0.237849742174149 0.0620106533169746 0.73268324136734 0.534279644489288 0.339119344949722 0.0142295379191637 0.207898885011673 0.418910086154938 0.332227379083633 0.565692484378815 4 2
0.191298395395279 0.968435645103455 0.597732365131378 0.0631069019436836 0.142114773392677 0.199820071458817 0.114919081330299 0.47837096452713
|0.481008112430573 0.356511622667313 0.843597412109375 0.634663999080658 0.354871302843094 0.563311517238617 0.954813480377197 0.589519917964935 0.364421159029007 0.836312651634216 14 12
0.858876705169678 0.538283407688141 0.0979842096567154 0.479365408420563 0.785145282745361 0.712055385112762 0.543827950954437 0.687495768070221 0.496231377124786 0.0223913211375475 12 10
0.682584226131439 0.855156302452087 0.683266818523407 0.375864803791046 0.543946921825409 0.137409463524818 0.0841126516461372 0.102689638733864 0.794850826263428 0.707968175411224 10 8
0.678334295749664 0.388294398784637 0.229062229394913 0.913692474365234 0.470479309558868 0.790911674499512 0.513516843318939 0.173842325806618 0.185952082276344 0.655142605304718 8 6
0.146145477890968 0.647242605686188 0.112163558602333 0.53276401758194 0.82517409324646 0.398656904697418 0.855605840682983 0.449744880199432 0.527162611484528 0.456209123134613 6 4
0.939814805984497 0.93798291683197 0.792889595031738 0.51931494474411 0.59965842962265 0.631406724452972 0.262226969003677 0.672881424427032 0.452230751514435 0.402672231197357 4 2
0.433665573596954 0.0714061334729195 0.218275934457779 0.551195800304413 0.717991530895233 0.862603664398193 0.970431566238403 0.122286573052406
|0.805127859115601 0.523753583431244 0.215971618890762 0.914618492126465 0.933525443077087 0.661663711071014 0.028103593736887 0.252026945352554 0.966131329536438 0.581312596797943 14 12
0.394936144351959 0.783045291900635 0.427506148815155 0.311409026384354 0.220458656549454 0.228202730417252 0.377072513103485 0.451347768306732 0.830071330070496 0.135089054703712 12 10
0.515111148357391 0.321643739938736 0.356476217508316 0.819988012313843 0.331348210573196 0.220820337533951 0.615571796894073 0.633753716945648 0.038115743547678 0.555620968341827 10 8
0.900277614593506 0.665710985660553 0.58687835931778 0.461771667003632 0.831992864608765 0.984541296958923 0.738308846950531 0.763894438743591 0.838409185409546 0.945683479309082 8 6
0.99150562286377 0.747387588024139 0.0658716037869453 0.990395784378052 0.521417677402496 0.388435304164886 0.378449022769928 0.544050991535187 0.283111959695816 0.984721302986145 6 4
0.190962105989456 0.18520213663578 0.58883672952652 0.0327179469168186 0.135237827897072 0.081693060696125 0.809103727340698 0.355211645364761 0.281752616167068 0.207759290933609 4 2
0.709267318248749 0.876690268516541 0.53344589471817 0.157506003975868 0.627055943012238 0.274849086999893 0.630007565021515 0.890842199325562
|0.37812215089798 0.578876435756683 0.0420022048056126 0.206009656190872 0.678567588329315 0.865155339241028 0.214000850915909 0.338998109102249 0.654806315898895 0.681571781635284 14 12
0.393923938274384 0.439924418926239 0.721677720546722 0.892109870910645 0.525776445865631 0.385218918323517 0.385098040103912 0.0171467084437609 0.0656458213925362 0.516840040683746 12 10
0.0831134393811226 0.936876773834229 0.563218057155609 0.788048982620239 0.62318617105484 0.543551623821259 0.75646710395813 0.166713014245033 0.964007973670959 0.628902614116669 10 8
0.266371876001358 0.560529887676239 0.335416942834854 0.19710186123848 0.957650303840637 0.371093899011612 0.528616368770599 0.471533238887787 0.564631521701813 0.0856237486004829 8 6
0.451184689998627 0.355330973863602 0.426144182682037 0.160800829529762 0.118995442986488 0.0966234356164932 0.390936672687531 0.596433937549591 0.288053303956985 0.0756526067852974 6 4
0.249946743249893 0.327084451913834 0.544420540332794 0.492430746555328 0.136841788887978 0.751683354377747 0.395730197429657 0.0657901838421822 0.410735785961151 0.704647600650787 4 2
0.209408909082413 0.815990686416626 0.0443681515753269 0.722377598285675 0.828883409500122 0.774408340454102 0.7073113322258 0.257552891969681
|0.84849214553833 0.339775830507278 0.973400115966797 0.754760026931763 0.653326690196991 0.935274720191956 0.655600249767303 0.133019104599953 0.275988847017288 0.601836860179901 14 12
0.647318303585052 0.0534288957715034 0.444850385189056 0.753935098648071 0.732776343822479 0.0911657884716988 0.279041320085526 0.525897681713104 0.20685139298439 0.547462642192841 12 10
0.0251710452139378 0.248475462198257 0.24329200387001 0.808371663093567 0.913402915000916 0.883009195327759 0.813360571861267 0.0901526287198067 0.30675008893013 0.336734443902969 10 8
0.0240199603140354 0.28671208024025 0.116626039147377 0.565470278263092 0.119977012276649 0.262082129716873 0.23287907242775 0.0653110817074776 0.859649658203125 0.571289241313934 8 6
0.553530395030975 0.375395357608795 0.0570198372006416 0.380098879337311 0.517790496349335 0.696921050548553 0.671523034572601 0.913787722587585 0.718423306941986 0.832232713699341 6 4
0.74777215719223 0.987340569496155 0.622183501720428 0.180819883942604 0.152985587716103 0.784914970397949 0.94319224357605 0.589677393436432 0.418677389621735 0.843510866165161 4 2
0.170492544770241 0.580868661403656 0.410288035869598 0.793163180351257 0.478862226009369 0.720311462879181 0.333772212266922 0.85950493812561
|0.0346245802938938 0.276107460260391 0.93357241153717 0.466619431972504 0.164591088891029 0.0642206743359566 0.185192123055458 0.0747259929776192 0.570703208446503 0.386443912982941 14 12
0.69510418176651 0.101818099617958 0.264538794755936 0.662714540958405 0.306970030069351 0.969277381896973 0.611356317996979 0.374756127595901 0.0908181741833687 0.811462640762329 12 10
0.677553355693817 0.80661416053772 0.462318003177643 0.976104378700256 0.701744139194489 0.429496467113495 0.73370486497879 0.887042760848999 0.778017282485962 0.604690730571747 10 8
0.908742070198059 0.636727511882782 0.623393595218658 0.697360336780548 0.392394125461578 0.728101670742035 0.586288869380951 0.643032491207123 0.490908682346344 0.295316010713577 8 6
0.670291721820831 0.0402585305273533 0.0871924236416817 0.538125097751617 0.214840203523636 0.499715745449066 0.159596219658852 0.512408912181854 0.31722167134285 0.153094783425331 6 4
0.868538618087769 0.341529279947281 0.265822917222977 0.817922234535217 0.188579589128494 0.772280693054199 0.27113738656044 0.738398611545563 0.482046186923981 0.628416359424591 4 2
0.705176055431366 0.869835615158081 0.526292264461517 0.632961094379425 0.903409361839294 0.172107592225075 0.822031497955322 0.762823700904846
|0.110918059945107 0.491888225078583 0.304176956415176 0.860826730728149 0.0860078409314156 0.811800122261047 0.339019566774368 0.806813955307007 0.927282094955444 0.671689331531525 14 12
0.261678010225296 0.348422795534134 0.149635210633278 0.742820560932159 0.0108681926503778 0.557678997516632 0.894803881645203 0.250802308320999 0.639156758785248 0.545697867870331 12 10
0.0283149518072605 0.485903203487396 0.00216674827970564 0.980191826820374 0.394911706447601 0.0985956341028214 0.557786762714386 0.786714196205139 0.138704672455788 0.374720484018326 10 8
0.344330936670303 0.622391164302826 0.550273954868317 0.958961725234985 0.224702388048172 0.682723820209503 0.786689281463623 0.320535808801651 0.013055207207799 0.847000956535339 8 6
0.316384583711624 0.331516414880753 0.107837215065956 0.0175420064479113 0.924463868141174 0.0191416759043932 0.0129638928920031 0.749074280261993 0.256706386804581 0.146754518151283 6 4
0.00199186825193465 0.747266590595245 0.953579902648926 0.600488007068634 0.790933609008789 0.68753570318222 0.891784906387329 0.336680561304092 0.463019192218781 0.608208119869232 4 2
0.735491454601288 0.718943536281586 0.382285892963409 0.672984421253204 0.0607329681515694 0.437736570835114 0.479229867458344 0.705226719379425
|0.710346519947052 0.538419544696808 0.379623234272003 0.166191354393959 0.51243382692337 0.637285530567169 0.069408543407917 0.172678843140602 0.0319151915609837 0.334392100572586 14 12
0.524860680103302 0.310684114694595 0.664669334888458 0.632254779338837 0.241659075021744 0.79548454284668 0.234890252351761 0.937658071517944 0.507270276546478 0.52925568819046 12 10
0.505055963993073 0.754160523414612 0.406761825084686 0.0643247440457344 0.85161828994751 0.43386298418045 0.469676196575165 0.438986599445343 0.314816862344742 0.0521626546978951 10 8
0.896037578582764 0.0473522022366524 0.565968930721283 0.414481580257416 0.55088609457016 0.706095159053802 0.391593277454376 0.481109917163849 0.25191131234169 0.379463136196136 8 6
0.633773386478424 0.512422740459442 0.476466953754425 0.880702614784241 0.171865597367287 0.269551903009415 0.920125484466553 0.63462108373642 0.735526978969574 0.83908486366272 6 4
0.11445726454258 0.0431451834738255 0.82570207118988 0.218903690576553 0.0843921974301338 0.661953151226044 0.395996272563934 0.0571044757962227 0.973023891448975 0.766860008239746 4 2
0.926889777183533 0.000975608942098916 0.638806283473969 0.671368896961212 0.301310330629349 0.528679549694061 0.813862681388855 0.212880879640579
|0.673697769641876 0.196797162294388 0.529239594936371 0.429749310016632 0.311702877283096 0.0819572284817696 0.0862478092312813 0.324575215578079 0.444662988185883 0.210415631532669 14 12
0.47977215051651 0.292676717042923 0.424440324306488 0.885906457901001 0.863749861717224 0.492351472377777 0.0722040012478828 0.754773020744324 0.654527604579926 0.329443842172623 12 10
0.388234674930573 0.387460768222809 0.756781458854675 0.11129929125309 0.115244165062904 0.528768002986908 0.693955838680267 0.612608134746552 0.200524598360062 0.265589267015457 10 8
0.454231321811676 0.38507741689682 0.139652386307716 0.796735048294067 0.74809855222702 0.595752656459808 0.54412454366684 0.759511709213257 0.704611957073212 0.225351840257645 8 6
0.312004715204239 0.167700186371803 0.166708007454872 0.292897969484329 0.218361884355545 0.333878427743912 0.572916567325592 0.35617807507515 0.150131240487099 0.921636819839478 6 4
0.773383975028992 0.0630906894803047 0.148746147751808 0.108192220330238 0.944038391113281 0.289100676774979 0.544181287288666 0.990532517433167 0.0484097078442574 0.446006238460541 4 2
0.930474400520325 0.666461408138275 0.290667682886124 0.28876593708992 0.676019370555878 0.470479309558868 0.135401740670204 0.319355517625809
|0.432829320430756 0.30788317322731 0.487102448940277 0.743264734745026 0.193471223115921 0.659417927265167 0.825742125511169 0.271395713090897 0.633791625499725 0.0534732416272163 14 12
0.955487966537476 0.972018241882324 0.0872217491269112 0.812777876853943 0.278491884469986 0.255914598703384 0.504371225833893 0.800015449523926 0.818021059036255 0.962507605552673 12 10
0.553787052631378 0.273258119821548 0.373794347047806 0.344317704439163 0.880880832672119 0.239891082048416 0.546124160289764 0.433964431285858 0.809863209724426 0.165802016854286 10 8
0.594636023044586 0.784629940986633 0.165610924363136 0.600199520587921 0.0170681495219469 0.55749374628067 0.504500806331635 0.704233944416046 0.903592228889465 0.553050220012665 8 6
0.0766125991940498 0.970341086387634 0.690889060497284 0.710342109203339 0.705799281597137 0.747743189334869 0.168538704514503 0.536169826984406 0.406560957431793 0.462003290653229 6 4
0.75261652469635 0.184569254517555 0.70658677816391 0.555539429187775 0.464415967464447 0.802554726600647 0.542507946491241 0.915515899658203 0.466156423091888 0.349664956331253 4 2
0.279840618371964 0.602191627025604 0.557243883609772 0.173173800110817 0.982748746871948 0.529897153377533 0.925278306007385 0.256968408823013
|0.0407433547079563 0.889954209327698 0.130451336503029 0.699116766452789 0.100563064217567 0.571805894374847 0.570529639720917 0.918451428413391 0.552675426006317 0.0481069162487984 14 12
0.977771401405334 0.192967921495438 0.22017577290535 0.751764059066772 0.590924561023712 0.76856005191803 0.417595684528351 0.977025628089905 0.978122115135193 0.319018512964249 12 10
0.40376204252243 0.271493464708328 0.0293389596045017 0.705313384532928 0.350748211145401 0.288804084062576 0.567413866519928 0.708098351955414 0.330955535173416 0.347419053316116 10 8
0.911185622215271 0.53849333524704 0.0344673432409763 0.579889237880707 0.610850989818573 0.767268300056458 0.311678916215897 0.942854285240173 0.392561972141266 0.203188329935074 8 6
0.665555655956268 0.430554687976837 0.602725446224213 0.63806289434433 0.34566929936409 0.306500345468521 0.806605219841003 0.198572784662247 0.61496502161026 0.451225459575653 6 4
0.237014561891556 0.709147751331329 0.163909211754799 0.328996688127518 0.0360752381384373 0.690990746021271 0.996798753738403 0.338048249483109 0.392706453800201 0.749141991138458 4 2
0.795951843261719 0.300389796495438 0.633099615573883 0.485699117183685 0.65863448381424 0.409872949123383 0.365076094865799 0.234003692865372
|0.496985733509064 0.810766816139221 0.129747644066811 0.631246387958527 0.639160573482513 0.530408203601837 0.927470684051514 0.966486930847168 0.603043019771576 0.186651721596718 14 12
0.396978676319122 0.738370716571808 0.97993266582489 0.606334865093231 0.440909683704376 0.849998712539673 0.0807929113507271 0.605324804782867 0.0672192648053169 0.459449827671051 12 10
0.873715996742249 0.597471535205841 0.0783697441220284 0.960999965667725 0.550443351268768 0.133392110466957 0.308055073022842 0.0763564184308052 0.462718546390533 0.0104244956746697 10 8
0.309880286455154 0.727774441242218 0.402783811092377 0.927878379821777 0.350579649209976 0.935390472412109 0.986119866371155 0.301592856645584 0.025962833315134 0.41951721906662 8 6
0.131770864129066 0.491405308246613 0.360629469156265 0.338732868432999 0.574851930141449 0.906791567802429 0.254370957612991 0.838991761207581 0.39051753282547 0.280588537454605 6 4
0.0624735429883003 0.647835075855255 0.973554491996765 0.0785713270306587 0.364240199327469 0.896744728088379 0.0523941591382027 0.326654940843582 0.643734276294708 0.532926499843597 4 2
0.0386706627905369 0.193571358919144 0.728833019733429 0.0348162688314915 0.666629612445831 0.219800978899002 0.756027221679688 0.652295529842377
|0.891622066497803 0.0319985188543797 0.28088441491127 0.780429482460022 0.331100851297379 0.223074108362198 0.455085217952728 0.406517684459686 0.295699268579483 0.266768604516983 14 12
0.972679018974304 0.724869310855865 0.700909554958344 0.893496632575989 0.452101767063141 0.524471700191498 0.0263561047613621 0.736473739147186 0.289448767900467 0.855080485343933 12 10
0.428224503993988 0.725423872470856 0.791322708129883 0.350994855165482 0.722393572330475 0.634060561656952 0.665136635303497 0.629984319210052 0.429747879505157 0.617844760417938 10 8
0.972328424453735 0.309222012758255 0.405738055706024 0.643277585506439 0.768878698348999 0.576862752437592 0.286779910326004 0.822407484054565 0.13231934607029 0.678563177585602 8 6
0.357506185770035 0.632724702358246 0.103933945298195 0.455269753932953 0.181124821305275 0.761978387832642 0.133258476853371 0.0735461786389351 0.0928431823849678 0.439747989177704 6 4
0.744352996349335 0.569019496440887 0.948245525360107 0.367917567491531 0.7345831990242 0.622883498668671 0.81205940246582 0.422080099582672 0.116713777184486 0.483729898929596 4 2
0.848617315292358 0.213712483644485 0.917290687561035 0.594058930873871 0.444407999515533 0.730489671230316 0.733738243579865 0.774037003517151
|0.372370511293411 0.152569308876991 0.589199006557465 0.474567592144012 0.685994327068329 0.877224087715149 0.951653003692627 0.153630629181862 0.523455440998077 0.417479336261749 14 12
0.337618380784988 0.000367164670024067 0.702569782733917 0.999934792518616 0.842830777168274 0.475278079509735 0.858918905258179 0.55418986082077 0.496079504489899 0.499740064144135 12 10
0.297823935747147 0.0295612849295139 0.118552818894386 0.648640692234039 0.797276258468628 0.96741247177124 0.768741369247437 0.611965119838715 0.569996654987335 0.364541083574295 10 8
0.988038897514343 0.497129738330841 0.621863186359406 0.379350483417511 0.133847966790199 0.197105318307877 0.398687779903412 0.443184554576874 0.964481115341187 0.147956743836403 8 6
0.438367664813995 0.190959721803665 0.583816111087799 0.45107489824295 0.101878061890602 0.445983111858368 0.197705298662186 0.0601221397519112 0.654550611972809 0.563161671161652 6 4
0.159383907914162 0.0305819548666477 0.454182207584381 0.282923728227615 0.343330770730972 0.833656430244446 0.383443295955658 0.722238957881927 0.583398997783661 0.482482612133026 4 2
0.433814704418182 0.903761267662048 0.595526874065399 0.759253144264221 0.474711716175079 0.534492671489716 0.614189445972443 0.426294386386871
|0.595312058925629 0.463688552379608 0.456741034984589 0.0879986360669136 0.67800897359848 0.86586606502533 0.229404002428055 0.943619608879089 0.995301127433777 0.382461488246918 14 12
0.31011489033699 0.308256417512894 0.995953440666199 0.0307686366140842 0.23148575425148 0.131176725029945 0.861199617385864 0.480836689472198 0.490158498287201 0.117474570870399 12 10
0.752254962921143 0.366725593805313 0.766521334648132 0.559357106685638 0.350676685571671 0.299313694238663 0.919061541557312 0.849111914634705 0.736276209354401 0.952687501907349 10 8
0.319074064493179 0.733900487422943 0.0627281740307808 0.544930875301361 0.721241891384125 0.542357385158539 0.809444785118103 0.799398183822632 0.437141358852386 0.278909355401993 8 6
0.149404540657997 0.252705246210098 0.963501334190369 0.279105573892593 0.26451113820076 0.896507501602173 0.0803157165646553 0.759893774986267 0.804655790328979 0.549350798130035 6 4
0.511344730854034 0.870861172676086 0.681556522846222 0.7516028881073 0.616314470767975 0.114317551255226 0.435822427272797 0.410473883152008 0.26610866189003 0.109748974442482 4 2
0.125866666436195 0.587010204792023 0.724037349224091 0.424594819545746 0.644852101802826 0.892749428749084 0.509951412677765 0.840131878852844
|0.0632071569561958 0.562344133853912 0.460261881351471 0.162290826439857 0.644751965999603 0.71360582113266 0.645626246929169 0.8387371301651 0.557903945446014 0.430923163890839 14 12
0.690015971660614 0.0138984937220812 0.532218158245087 0.841546654701233 0.267144471406937 0.446897089481354 0.549751937389374 0.900614619255066 0.887144565582275 0.00325036095455289 12 10
0.73927515745163 0.414409101009369 0.382859647274017 0.306061416864395 0.276047736406326 0.85476553440094 0.590636670589447 0.846351981163025 0.923963904380798 0.196754485368729 10 8
0.910014390945435 0.108545318245888 0.269471079111099 0.0407195128500462 0.844941020011902 0.905668258666992 0.151685729622841 0.81738007068634 0.994198441505432 0.768217206001282 8 6
0.233710080385208 0.298391610383987 0.0558494403958321 0.89633846282959 0.595436751842499 0.805942535400391 0.0758340433239937 0.808705806732178 0.6444451212883 0.79725193977356 6 4
0.992025375366211 0.0532779768109322 0.655446112155914 0.0127772111445665 0.106165185570717 0.759975790977478 0.46901935338974 0.619383037090302 0.66722446680069 0.257772713899612 4 2
0.379669845104218 0.685258567333221 0.701989710330963 0.788566112518311 0.227711111307144 0.637556493282318 0.794692993164063 0.551511704921722
