0.880726218223572 0.331600219011307 0.908032178878784 0.152716770768166 0.274273186922073 0.346588999032974 0.945305585861206 0.220715433359146 0.837648153305054 0.875109076499939 15 13
0.998643755912781 0.708150684833527 0.998797535896301 0.21243742108345 0.0622148588299751 0.174486413598061 0.799911618232727 0.13221301138401 0.74927419424057 0.961690425872803 13 11
0.668374001979828 0.276294976472855 0.469413936138153 0.460849463939667 0.230189353227615 0.952850937843323 0.460928857326508 0.427428305149078 0.80657970905304 0.641635835170746 11 9
0.318073898553848 0.381677329540253 0.628515899181366 0.265587955713272 0.991902232170105 0.192438870668411 0.274421125650406 0.264040023088455 0.045120719820261 0.616068303585052 9 7
0.246586948633194 0.867270350456238 0.252324253320694 0.618074119091034 0.650473296642303 0.234975248575211 0.850386381149292 0.945388913154602 0.853059887886047 0.761121511459351 7 5
0.849549055099487 0.436057388782501 0.17980732023716 0.477379620075226 0.605776131153107 0.989727258682251 0.412447988986969 0.789223074913025 0.328449994325638 0.790858030319214 5 3
0.647162735462189 0.895415306091309 0.564577758312225 0.108415022492409 0.973103404045105 0.177434220910072 0.146129742264748 0.348096877336502 0.0914532020688057 0.347087889909744 3 1
0.636008322238922 0.0363860167562962 0.435867011547089
|0.65536767244339 0.502687036991119 0.291545897722244 0.781394481658936 0.0633471086621284 0.41944020986557 0.354352980852127 0.916157126426697 0.981228590011597 0.560503661632538 15 13
0.609640896320343 0.438237369060516 0.469323575496674 0.864751815795898 0.422620356082916 0.0795940235257149 0.967075824737549 0.468144834041595 0.937201619148254 0.760408163070679 13 11
0.208172231912613 0.306682497262955 0.7438685297966 0.00252509140409529 0.389560759067535 0.159013763070107 0.0522546842694283 0.0906872823834419 0.554740011692047 0.433795273303986 11 9
0.761025071144104 0.15641488134861 0.106301799416542 0.826221704483032 0.500988185405731 0.918995380401611 0.434077560901642 0.0244984664022923 0.732543647289276 0.234715968370438 9 7
0.816501021385193 0.430587947368622 0.667612254619598 0.185914531350136 0.824093818664551 0.0830094888806343 0.92315137386322 0.210492640733719 0.597800672054291 0.00592184159904718 7 5
0.13939942419529 0.658896505832672 0.456797301769257 0.0722975805401802 0.282169967889786 0.495325028896332 0.592250525951386 0.972655534744263 0.934422254562378 0.00784039590507746 5 3
0.828396081924438 0.407882988452911 0.552568733692169 0.682775557041168 0.775975704193115 0.616891920566559 0.264175564050674 0.46760755777359 0.232144266366959 0.790832877159119 3 1
0.502474725246429 0.213946014642715 0.830268859863281
|0.537192642688751 0.475938379764557 0.860352158546448 0.459500372409821 0.090571291744709 0.96057915687561 0.613311111927032 0.00916802976280451 0.345005422830582 0.926305294036865 15 13
0.535781800746918 0.641173422336578 0.404569685459137 0.245224505662918 0.503887712955475 0.79649806022644 0.775905847549438 0.285203248262405 0.214737564325333 0.404490530490875 13 11
0.503703057765961 0.0395913161337376 0.849318265914917 0.861298441886902 0.85873007774353 0.354347854852676 0.801658153533936 0.898490786552429 0.724000871181488 0.919884085655212 11 9
0.768677234649658 0.312160521745682 0.57437127828598 0.111176744103432 0.266582995653152 0.714254915714264 0.858607888221741 0.209726363420486 0.852839589118958 0.623342216014862 9 7
0.78533923625946 0.66096431016922 0.111412182450294 0.991592049598694 0.857455372810364 0.703272521495819 0.733175933361053 0.318507939577103 0.782251715660095 0.499680459499359 7 5
0.262102752923965 0.822005748748779 0.0306630171835423 0.759593844413757 0.252840429544449 0.9211106300354 0.576458632946014 0.53312212228775 0.482266247272491 0.78156054019928 5 3
0.546585619449615 0.201123386621475 0.974947810173035 0.129415407776833 0.161384478211403 0.21257808804512 0.991437554359436 0.137199893593788 0.832522630691528 0.812975406646729 3 1
0.920561552047729 0.527528822422028 0.0482760742306709
