0.401431262493134 0.574937522411346 0.629709661006927 0.639254987239838 0.217035561800003 0.623959004878998 0.307429701089859 0.086517222225666 0.893735408782959 0.117639914155006 14 12
0.170994773507118 0.977508544921875 0.531109631061554 0.8675856590271 0.14602817595005 0.70949250459671 0.160856261849403 0.935901284217834 0.164913907647133 0.403566658496857 12 10
0.606396019458771 0.543181955814362 0.523299396038055 0.376637876033783 0.273943096399307 0.242324739694595 0.486071407794952 0.0964955240488052 0.382743775844574 0.446444809436798 10 8
0.494096338748932 0.531327903270721 0.748632371425629 0.900086879730225 0.383963525295258 0.0749538019299507 0.499992787837982 0.674040019512177 0.951378107070923 0.364763289690018 8 6
0.390688121318817 0.821843266487122 0.654156982898712 0.321506530046463 0.777934908866882 0.125271812081337 0.394408643245697 0.0959828048944473 0.802828669548035 0.416957199573517 6 4
0.793532013893127 0.522309720516205 0.202132016420364 0.805650949478149 0.185603514313698 0.65095728635788 0.143509164452553 0.760008692741394 0.127419486641884 0.541240870952606 4 2
0.206314712762833 0.103562250733376 0.610777080059052 0.273949414491653 0.359389215707779 0.100968852639198 0.476338565349579 0.897919774055481
|0.120297566056252 0.0235853232443333 0.11976446211338 0.842982292175293 0.198787480592728 0.820322275161743 0.0584336593747139 0.651709616184235 0.0936943367123604 0.949930906295776 14 12
0.00578224705532193 0.085950143635273 0.963878750801086 0.438046157360077 0.395084202289581 0.0570051744580269 0.588548958301544 0.650748193264008 0.836878061294556 0.457876861095428 12 10
0.0019079449120909 0.471651256084442 0.588342845439911 0.527757465839386 0.631992995738983 0.272465854883194 0.965184569358826 0.201836377382278 0.635865867137909 0.792374491691589 10 8
0.99232816696167 0.369639307260513 0.603250920772552 0.815519452095032 0.976359724998474 0.966613173484802 0.300334125757217 0.984172821044922 0.0383189953863621 0.872139096260071 8 6
0.688605964183807 0.0982217937707901 0.638926208019257 0.606193244457245 0.892529249191284 0.831566095352173 0.930390596389771 0.0829435661435127 0.481387078762054 0.293242603540421 6 4
0.961072444915771 0.862146973609924 0.727570593357086 0.914445281028748 0.0165656823664904 0.620099723339081 0.0856396034359932 0.00551915215328336 0.939785003662109 0.744273483753204 4 2
0.5819953083992 0.0870977714657784 0.0716830566525459 0.904484629631042 0.62182480096817 0.200716763734818 0.302422553300858 0.789228081703186
|0.928432941436768 0.693812668323517 0.548224985599518 0.0164238233119249 0.407020628452301 0.271335870027542 0.724774181842804 0.979816794395447 0.426184237003326 0.916863918304443 14 12
0.127203717827797 0.664849817752838 0.109048739075661 0.0572497919201851 0.608901083469391 0.082396037876606 0.384385049343109 0.510548174381256 0.322136431932449 0.482847034931183 12 10
0.132681503891945 0.930625319480896 0.113276854157448 0.407134234905243 0.9376060962677 0.373482018709183 0.617272794246674 0.430545747280121 0.239997297525406 0.770947098731995 10 8
0.0950957685709 0.0588649585843086 0.0252428092062473 0.0674784258008003 0.478011906147003 0.292010575532913 0.701821982860565 0.315659433603287 0.963942050933838 0.671316921710968 8 6
0.829478859901428 0.749056994915009 0.213902860879898 0.910765171051025 0.201987892389297 0.28240755200386 0.660241186618805 0.920970320701599 0.968930721282959 0.436365067958832 6 4
0.64316600561142 0.653177440166473 0.843881368637085 0.994477987289429 0.612134277820587 0.678631007671356 0.202155381441116 0.687355935573578 0.644481360912323 0.270250707864761 4 2
0.118875160813332 0.366932898759842 0.174149289727211 0.705197393894196 0.794777154922485 0.738668739795685 0.821371793746948 0.843630313873291
|0.803722023963928 0.236360341310501 0.825979590415955 0.443640768527985 0.720024526119232 0.594063699245453 0.703726470470428 0.565727174282074 0.240845233201981 0.531210243701935 14 12
0.539917528629303 0.887165427207947 0.123685374855995 0.652481257915497 0.828379154205322 0.804811835289001 0.910614848136902 0.378056228160858 0.963214993476868 0.488862216472626 12 10
0.181481257081032 0.433394968509674 0.140789046883583 0.155797973275185 0.23240938782692 0.229459911584854 0.940722465515137 0.176339283585548 0.488122403621674 0.799373149871826 10 8
0.165706768631935 0.670988142490387 0.935333728790283 0.298829942941666 0.951924324035645 0.222531586885452 0.725659787654877 0.401995599269867 0.747839748859406 0.549623072147369 8 6
0.318340927362442 0.342795759439468 0.249803692102432 0.490475237369537 0.0978890806436539 0.602344930171967 0.904242873191834 0.264189630746841 0.378799140453339 0.9017174243927 6 4
0.332821279764175 0.182215824723244 0.890745520591736 0.434332668781281 0.342830926179886 0.303959399461746 0.715006053447723 0.974922776222229 0.148573890328407 0.712212383747101 4 2
0.986393213272095 0.871938824653625 0.671564280986786 0.284746676683426 0.631377637386322 0.570226013660431 0.507162034511566 0.840078592300415
|0.201795488595963 0.927749156951904 0.240420371294022 0.918495893478394 0.539513647556305 0.100941076874733 0.280158549547195 0.457686007022858 0.765488386154175 0.338124424219131 14 12
0.0797324255108833 0.656785547733307 0.1716098934412 0.390438616275787 0.531838715076447 0.942405700683594 0.507754266262054 0.46378356218338 0.170060649514198 0.202992588281631 12 10
0.101838484406471 0.254559189081192 0.821278810501099 0.546642124652863 0.842834115028381 0.217520862817764 0.500357210636139 0.0547783449292183 0.444613397121429 0.498713314533234 10 8
0.147538915276527 0.58325058221817 0.676055371761322 0.401842415332794 0.191126853227615 0.579005300998688 0.888715147972107 0.624276340007782 0.79270350933075 0.949238657951355 8 6
0.558430016040802 0.115667715668678 0.539292752742767 0.955839872360229 0.189304620027542 0.238991290330887 0.661489903926849 0.776700615882874 0.590270221233368 0.582464635372162 6 4
0.0322334803640842 0.52791553735733 0.456576406955719 0.884934782981873 0.427488148212433 0.848534464836121 0.500519096851349 0.330694824457169 0.820351839065552 0.907386660575867 4 2
0.64003986120224 0.641304075717926 0.825196623802185 0.142570033669472 0.507800281047821 0.641323983669281 0.594677865505219 0.360400825738907
|0.849243998527527 0.148382440209389 0.389827907085419 0.152820959687233 0.416693150997162 0.666236102581024 0.595462739467621 0.424740135669708 0.957314729690552 0.730396330356598 14 12
0.673807680606842 0.618810832500458 0.135328307747841 0.464988648891449 0.630833089351654 0.952271223068237 0.321713477373123 0.327031880617142 0.00642192456871271 0.721417248249054 12 10
0.589249670505524 0.586008489131927 0.689235627651215 0.739611327648163 0.939187407493591 0.780603051185608 0.301845461130142 0.330024391412735 0.715079009532928 0.508854925632477 10 8
0.373276382684708 0.506791532039642 0.344405323266983 0.0948493629693985 0.553386390209198 0.812052845954895 0.197242766618729 0.481346309185028 0.682347118854523 0.250031143426895 8 6
0.673963367938995 0.414566218852997 0.402508556842804 0.648618280887604 0.577029764652252 0.417018473148346 0.475156009197235 0.23262682557106 0.631558001041412 0.370981484651566 6 4
0.0998009592294693 0.758392333984375 0.617956340312958 0.954449534416199 0.385961592197418 0.202925115823746 0.945047497749329 0.8732990026474 0.989873051643372 0.367420822381973 4 2
0.0132569093257189 0.623859107494354 0.761239171028137 0.0962827354669571 0.940269827842712 0.171858087182045 0.0365839041769505 0.961273789405823
|0.933090686798096 0.257652312517166 0.155443444848061 0.820035934448242 0.953440546989441 0.129061117768288 0.830536723136902 0.875676512718201 0.148566260933876 0.318134814500809 14 12
0.334843665361404 0.85011887550354 0.0839004591107368 0.854306936264038 0.372025042772293 0.939410328865051 0.514811813831329 0.124376073479652 0.305119186639786 0.71785444021225 12 10
0.685430943965912 0.99927294254303 0.801126599311829 0.879566431045532 0.211615592241287 0.509603440761566 0.227397471666336 0.564506947994232 0.841021180152893 0.526699602603912 10 8
0.448100507259369 0.756298899650574 0.422324240207672 0.639417707920074 0.357382088899612 0.892787933349609 0.52172178030014 0.864256858825684 0.913472056388855 0.50815886259079 8 6
0.461297214031219 0.880325198173523 0.335791856050491 0.28280320763588 0.0158551950007677 0.54495757818222 0.836246848106384 0.802105069160461 0.162774100899696 0.863482594490051 6 4
0.571977317333221 0.45470803976059 0.133509293198586 0.48493880033493 0.173566475510597 0.38879531621933 0.729046642780304 0.422963917255402 0.572638809680939 0.428413927555084 4 2
0.261091858148575 0.67192417383194 0.0912056043744087 0.815222263336182 0.0740766599774361 0.369402438402176 0.293388038873672 0.190640836954117
|0.543647229671478 0.851951599121094 0.657744705677032 0.951128721237183 0.864107131958008 0.0226088780909777 0.103784933686256 0.396721065044403 0.843778133392334 0.309320837259293 14 12
0.269987612962723 0.362003117799759 0.714791357517242 0.874044418334961 0.887419819831848 0.521323978900909 0.888078808784485 0.0648394897580147 0.791394114494324 0.851703524589539 12 10
0.790399551391602 0.572973072528839 0.60254830121994 0.714845478534698 0.780709505081177 0.395993769168854 0.98225212097168 0.598237812519073 0.931494832038879 0.466417968273163 10 8
0.846363067626953 0.2731913626194 0.762845158576965 0.609467804431915 0.506967723369598 0.975754976272583 0.846192717552185 0.197999745607376 0.764618039131165 0.82984459400177 8 6
0.111490145325661 0.657362997531891 0.131921425461769 0.759086608886719 0.4350625872612 0.767489910125732 0.478382170200348 0.248261600732803 0.763964176177979 0.353010326623917 6 4
0.335609346628189 0.900407433509827 0.193317443132401 0.326332718133926 0.162527337670326 0.863618493080139 0.182395830750465 0.848759412765503 0.461852014064789 0.975371360778809 4 2
0.0408982075750828 0.534612476825714 0.118082538247108 0.787325263023376 0.407622992992401 0.399247586727142 0.256634265184402 0.0373503006994724
|0.22101166844368 0.468642055988312 0.944987893104553 0.399899661540985 0.00665199849754572 0.709549367427826 0.457359492778778 0.833254933357239 0.699102103710175 0.448646485805511 14 12
0.586547315120697 0.772056937217712 0.46868222951889 0.282943040132523 0.392051517963409 0.574893057346344 0.461222112178802 0.39778059720993 0.136060610413551 0.740257680416107 12 10
0.333106309175491 0.182735934853554 0.884629726409912 0.548068821430206 0.471870362758636 0.62224954366684 0.120975270867348 0.592263042926788 0.806678652763367 0.519174635410309 10 8
0.0197365302592516 0.0296787060797215 0.187547236680985 0.7541823387146 0.811763286590576 0.0809841230511665 0.493659555912018 0.830738306045532 0.543967306613922 0.402587592601776 8 6
0.178896799683571 0.226092487573624 0.193527489900589 0.880226612091064 0.0176625270396471 0.655552566051483 0.590149939060211 0.828247308731079 0.424933731555939 0.25098517537117 6 4
0.691394627094269 0.92712128162384 0.363482505083084 0.978628873825073 0.077197439968586 0.770528078079224 0.413300931453705 0.937458515167236 0.283344179391861 0.103747621178627 4 2
0.385793626308441 0.442092478275299 0.938742756843567 0.121226564049721 0.282832771539688 0.975527286529541 0.679746210575104 0.186541572213173
|0.0821623876690865 0.416966497898102 0.178770437836647 0.159009113907814 0.758202075958252 0.479441702365875 0.642010390758514 0.812178254127502 0.796070098876953 0.728264510631561 14 12
0.234584599733353 0.906673073768616 0.115713134407997 0.872191905975342 0.300693303346634 0.340051084756851 0.32971778512001 0.259275943040848 0.46445506811142 0.0831872299313545 12 10
0.644603431224823 0.971480965614319 0.336154371500015 0.703790962696075 0.724607288837433 0.341121703386307 0.409849345684052 0.125179305672646 0.128494635224342 0.368193656206131 10 8
0.22859588265419 0.94071102142334 0.0477868393063545 0.916032075881958 0.223523646593094 0.499472796916962 0.605534851551056 0.80446469783783 0.847274661064148 0.703891336917877 8 6
0.891559600830078 0.283772855997086 0.0600302293896675 0.111548319458961 0.306396394968033 0.98855721950531 0.271527320146561 0.769699692726135 0.822280049324036 0.826142191886902 6 4
0.430223762989044 0.968327283859253 0.734377205371857 0.387683928012848 0.923195600509644 0.0393929518759251 0.26825025677681 0.168222084641457 0.0289622582495213 0.83475399017334 4 2
0.0131638068705797 0.828791618347168 0.924119830131531 0.153063550591469 0.0978738218545914 0.609078705310822 0.31193020939827 0.382545650005341
|0.26441302895546 0.910171747207642 0.152983441948891 0.40528804063797 0.684319198131561 0.253275662660599 0.0117168435826898 0.104781404137611 0.974558115005493 0.301195532083511 14 12
0.79378616809845 0.522612512111664 0.46341997385025 0.93401837348938 0.808319807052612 0.963659644126892 0.0771870687603951 0.396382510662079 0.833748579025269 0.557371556758881 12 10
0.105556264519691 0.830047965049744 0.414529144763947 0.579528868198395 0.572302520275116 0.612596690654755 0.210408836603165 0.542444288730621 0.780270218849182 0.337666541337967 10 8
0.385159313678741 0.863344073295593 0.604960501194 0.140140667557716 0.65055388212204 0.342433840036392 0.455615699291229 0.704107701778412 0.642686426639557 0.847508192062378 8 6
0.53110271692276 0.891256332397461 0.788827776908875 0.5865598320961 0.360255509614944 0.778379082679749 0.375811398029327 0.569269239902496 0.556665360927582 0.214722901582718 6 4
0.310236603021622 0.119224086403847 0.962109923362732 0.788904666900635 0.433381021022797 0.491130769252777 0.901777863502502 0.735454022884369 0.941908717155457 0.34299698472023 4 2
0.723764359951019 0.0156464595347643 0.119747415184975 0.907566070556641 0.414123833179474 0.770794034004211 0.49208801984787 0.868059992790222
|0.0130571145564318 0.114811196923256 0.729504883289337 0.350453764200211 0.432761013507843 0.393127501010895 0.75501024723053 0.83056366443634 0.203585535287857 0.823412775993347 14 12
0.772964954376221 0.135857596993446 0.915622115135193 0.969939231872559 0.501608312129974 0.87155544757843 0.0508618429303169 0.603645026683807 0.145472899079323 0.777460932731628 12 10
0.716630518436432 0.522679150104523 0.181827917695045 0.411055147647858 0.119820132851601 0.995188355445862 0.613394558429718 0.550616085529327 0.551765024662018 0.222948342561722 10 8
0.757135987281799 0.602682650089264 0.114288464188576 0.475917279720306 0.469337642192841 0.343405514955521 0.584937512874603 0.434052884578705 0.368908792734146 0.749492704868317 8 6
0.974898338317871 0.74028068780899 0.286145240068436 0.862936496734619 0.485356390476227 0.926185011863709 0.115466609597206 0.269226342439651 0.247176915407181 0.733748733997345 6 4
0.374484330415726 0.996665477752686 0.670046985149384 0.393951714038849 0.657142817974091 0.614379227161407 0.43245393037796 0.480348527431488 0.639543116092682 0.93748664855957 4 2
0.265386253595352 0.57595282793045 0.990193843841553 0.388112604618073 0.135577097535133 0.327239900827408 0.371790796518326 0.516582906246185
|0.888397097587585 0.590399444103241 0.818037748336792 0.422271311283112 0.972879767417908 0.999931693077087 0.547913253307343 0.992734670639038 0.0767620876431465 0.833819627761841 14 12
0.956458568572998 0.854730725288391 0.246595531702042 0.322728306055069 0.894379019737244 0.423968732357025 0.588184893131256 0.532103002071381 0.255983620882034 0.584390819072723 12 10
0.478357970714569 0.892237067222595 0.612683594226837 0.953186988830566 0.592855393886566 0.820325970649719 0.848552227020264 0.201295286417007 0.101890221238136 0.59727817773819 10 8
0.79413366317749 0.547390043735504 0.813803672790527 0.863020658493042 0.104299202561378 0.973472237586975 0.922894358634949 0.876274466514587 0.60791403055191 0.309211641550064 8 6
0.968017220497131 0.0579691007733345 0.2179174721241 0.722876608371735 0.217442542314529 0.794070363044739 0.579457342624664 0.531703770160675 0.286225706338882 0.793526172637939 6 4
0.218205958604813 0.704576432704926 0.518908083438873 0.218786865472794 0.546623766422272 0.355536013841629 0.213214665651321 0.972622156143188 0.072885163128376 0.428138077259064 4 2
0.782687306404114 0.447943150997162 0.780247449874878 0.394939243793488 0.335426241159439 0.216576486825943 0.2286117374897 0.733509838581085
|0.637732207775116 0.752967000007629 0.27363982796669 0.446224272251129 0.0497945621609688 0.832294821739197 0.290012389421463 0.252465397119522 0.165102139115334 0.18367113173008 14 12
0.529898226261139 0.164014473557472 0.0414109267294407 0.332827478647232 0.892027616500854 0.713588774204254 0.866081714630127 0.133613005280495 0.582371890544891 0.793949961662292 12 10
0.858243346214294 0.86544406414032 0.285662800073624 0.277150541543961 0.0105036506429315 0.204716593027115 0.896679639816284 0.063305027782917 0.67173570394516 0.838348269462585 10 8
0.257428199052811 0.399698197841644 0.0605131462216377 0.637259185314178 0.930090546607971 0.540123522281647 0.756172180175781 0.145862475037575 0.0867276266217232 0.0417846478521824 8 6
0.150407567620277 0.556734144687653 0.650017440319061 0.755162954330444 0.242385774850845 0.145488634705544 0.990423679351807 0.165199294686317 0.862917423248291 0.87018096446991 6 4
0.0856769159436226 0.0194189567118883 0.928498983383179 0.64368337392807 0.48857456445694 0.879061460494995 0.992653846740723 0.524517476558685 0.536702930927277 0.436128437519073 4 2
0.663104116916656 0.532195389270782 0.160941854119301 0.0825501754879951 0.159775748848915 0.297527104616165 0.962350606918335 0.474076569080353
|0.563196957111359 0.331636935472488 0.255790024995804 0.14093329012394 0.623440802097321 0.279045850038528 0.793156385421753 0.523886859416962 0.521179854869843 0.587087213993073 14 12
0.384898960590363 0.947100639343262 0.634993016719818 0.421835005283356 0.701758921146393 0.425098717212677 0.0606012418866158 0.464161694049835 0.199815541505814 0.496708691120148 12 10
0.477133810520172 0.696376860141754 0.467085659503937 0.370207220315933 0.14138175547123 0.960660576820374 0.725884974002838 0.232152730226517 0.609627902507782 0.791505217552185 10 8
0.935688495635986 0.251240283250809 0.546055972576141 0.91444730758667 0.800931334495544 0.116927400231361 0.317670732736588 0.26156297326088 0.292299181222916 0.21402433514595 8 6
0.092639334499836 0.694743812084198 0.85243558883667 0.784826993942261 0.986084222793579 0.480934917926788 0.330451756715775 0.0727905109524727 0.549290120601654 0.22441890835762 6 4
0.830685138702393 0.257814913988113 0.725922167301178 0.0516152456402779 0.884273171424866 0.528931438922882 0.952263116836548 0.500347316265106 0.170167222619057 0.341056138277054 4 2
0.978272199630737 0.981621861457825 0.561966598033905 0.125623717904091 0.826003074645996 0.762444496154785 0.413161337375641 0.244923859834671
|0.409637033939362 0.754013419151306 0.0086255082860589 0.631520211696625 0.692264497280121 0.531210601329803 0.453169286251068 0.805353045463562 0.924599885940552 0.6659055352211 14 12
0.148558154702187 0.790246725082397 0.543639361858368 0.763257265090942 0.449785530567169 0.379706203937531 0.196407824754715 0.212324649095535 0.652678430080414 0.545082271099091 12 10
0.459808170795441 0.653392851352692 0.863370895385742 0.981479525566101 0.855231046676636 0.0203754920512438 0.0360125340521336 0.837494015693665 0.302977591753006 0.565175712108612 10 8
0.643230378627777 0.43825227022171 0.426048099994659 0.139106050133705 0.168872132897377 0.744683086872101 0.944007396697998 0.283161193132401 0.492439687252045 0.853228092193604 8 6
0.683247625827789 0.422130167484283 0.507336795330048 0.00400877045467496 0.643154203891754 0.48332005739212 0.700894415378571 0.991073250770569 0.381342113018036 0.0797848775982857 6 4
0.0947736650705338 0.5565544962883 0.223984152078629 0.0901300981640816 0.984153985977173 0.152500882744789 0.710222780704498 0.0370717085897923 0.784958600997925 0.428744614124298 4 2
0.0209274310618639 0.424279510974884 0.0444498099386692 0.723978459835052 0.749577224254608 0.134555116295815 0.209358245134354 0.448618352413177
|0.307904630899429 0.673898279666901 0.652102768421173 0.608118951320648 0.531319200992584 0.53861266374588 0.560763418674469 0.221108585596085 0.508876383304596 0.554930627346039 14 12
0.949110150337219 0.395159184932709 0.43840354681015 0.78361189365387 0.814232468605042 0.079701192677021 0.279221683740616 0.186014667153358 0.937444090843201 0.585600078105927 12 10
0.236500293016434 0.877923607826233 0.460919201374054 0.698709070682526 0.708800137042999 0.180127874016762 0.0946890264749527 0.810296058654785 0.157942309975624 0.438900768756866 10 8
0.069597490131855 0.115174666047096 0.0360671319067478 0.740988075733185 0.651930272579193 0.0155186671763659 0.404313147068024 0.368040591478348 0.536898672580719 0.39493852853775 8 6
0.743811428546906 0.163398995995522 0.668348491191864 0.769641757011414 0.597385585308075 0.431871473789215 0.960886478424072 0.320051342248917 0.738171875476837 0.392121136188507 6 4
0.591885268688202 0.165437951683998 0.642275631427765 0.180421248078346 0.0797412469983101 0.100787177681923 0.680167376995087 0.867749333381653 0.040905836969614 0.435464084148407 4 2
0.889127969741821 0.61631840467453 0.980798721313477 0.841428399085999 0.952505946159363 0.0427407063543797 0.61078006029129 0.250323802232742
|0.19450631737709 0.124242916703224 0.731899797916412 0.360983997583389 0.549612581729889 0.516102135181427 0.286216765642166 0.939607858657837 0.462805211544037 0.719695270061493 14 12
0.617397367954254 0.113506928086281 0.238237649202347 0.176439061760902 0.909459471702576 0.553800404071808 0.86302125453949 0.89214289188385 0.782982110977173 0.108999386429787 12 10
0.801711797714233 0.779077172279358 0.251880794763565 0.307062059640884 0.501207411289215 0.53801304101944 0.66571432352066 0.849683880805969 0.325194627046585 0.4847372174263 10 8
0.428213059902191 0.206832319498062 0.100627556443214 0.370726734399796 0.105896487832069 0.0264300145208836 0.362624555826187 0.831161141395569 0.228394895792007 0.344987541437149 8 6
0.38276880979538 0.910937428474426 0.0982581526041031 0.587176024913788 0.305556684732437 0.265586644411087 0.587418615818024 0.356571704149246 0.575746357440948 0.41388601064682 6 4
0.998608827590942 0.334898740053177 0.334783464670181 0.667798936367035 0.988554835319519 0.107328668236732 0.19870737195015 0.186918273568153 0.48814731836319 0.841124296188354 4 2
0.978671312332153 0.0572540834546089 0.403375327587128 0.628972947597504 0.0294286049902439 0.940732955932617 0.813240647315979 0.70860630273819
|0.162137284874916 0.609057247638702 0.307913213968277 0.561833441257477 0.863154768943787 0.142906680703163 0.885006546974182 0.601445257663727 0.265300780534744 0.537669479846954 14 12
0.460643947124481 0.761606574058533 0.316611677408218 0.420897305011749 0.427127778530121 0.166214838624001 0.285285979509354 0.778486013412476 0.325749665498734 0.343117505311966 12 10
0.351422220468521 0.636110603809357 0.130453124642372 0.320905596017838 0.372730046510696 0.425417602062225 0.850429773330688 0.0352010764181614 0.198192983865738 0.934043169021606 10 8
0.487871706485748 0.712157547473907 0.336359530687332 0.482801258563995 0.485961854457855 0.403382003307343 0.0338661707937717 0.0793123319745064 0.607646644115448 0.105271711945534 8 6
0.0805212333798409 0.453978836536407 0.201564699411392 0.83379065990448 0.383873999118805 0.988641738891602 0.760324001312256 0.12018109858036 0.192900091409683 0.745194971561432 6 4
0.664746105670929 0.0915916040539742 0.711066782474518 0.0497733429074287 0.719700992107391 0.166564598679543 0.357670694589615 0.766603231430054 0.182464495301247 0.245457798242569 4 2
0.812230825424194 0.631811678409576 0.486010015010834 0.0458276309072971 0.922319054603577 0.236815601587296 0.164055362343788 0.548060119152069
|0.607467591762543 0.298262625932693 0.0899437740445137 0.128383293747902 0.840308427810669 0.611044108867645 0.231209307909012 0.104623332619667 0.0909313037991524 0.264854103326797 14 12
0.875347852706909 0.25524178147316 0.840419769287109 0.262445598840714 0.668331563472748 0.111605778336525 0.642749488353729 0.76789402961731 0.443659484386444 0.668416321277618 12 10
0.510011732578278 0.409731328487396 0.0270329751074314 0.277462631464005 0.865309953689575 0.828532934188843 0.237081080675125 0.974640130996704 0.946880102157593 0.0575211122632027 10 8
0.701009571552277 0.766179800033569 0.200381189584732 0.858059287071228 0.051257498562336 0.00461339997127652 0.201153427362442 0.665283262729645 0.156626477837563 0.651258409023285 8 6
0.423117578029633 0.551400363445282 0.806758403778076 0.537110865116119 0.0675910785794258 0.398814141750336 0.596922099590302 0.00861978624016047 0.832108736038208 0.846858024597168 6 4
0.42094475030899 0.367320567369461 0.12610174715519 0.903538107872009 0.108136311173439 0.688909590244293 0.065464623272419 0.246927410364151 0.505339205265045 0.934816718101501 4 2
0.0855331495404243 0.638479650020599 0.813436985015869 0.934042572975159 0.667807638645172 0.400718748569489 0.182230368256569 0.944650173187256
