0.995498895645142 0.0822002962231636 0.329466015100479 0.580326735973358 0.142312183976173 0.369535952806473 0.391149938106537 0.871000409126282 0.137925520539284 0.996736764907837 15 13
0.755552887916565 0.888889908790588 0.789573550224304 0.721450626850128 0.250414401292801 0.575537145137787 0.185247913002968 0.145366683602333 0.167590513825417 0.271979480981827 13 11
0.855113983154297 0.986323595046997 0.696284115314484 0.614839136600494 0.261280804872513 0.512326776981354 0.133390083909035 0.449726164340973 0.417635023593903 0.349742084741592 11 9
0.239638715982437 0.343823462724686 0.945113301277161 0.417051613330841 0.346993833780289 0.847939133644104 0.613366186618805 0.58429366350174 0.301344186067581 0.828977108001709 9 7
0.699550211429596 0.416427552700043 0.0576983764767647 0.461311519145966 0.58546644449234 0.961851596832275 0.126411333680153 0.706269323825836 0.928221225738525 0.756005764007568 7 5
0.281041890382767 0.267161041498184 0.620569884777069 0.747868955135345 0.690365731716156 0.816372394561768 0.746343314647675 0.124420061707497 0.407643854618073 0.299514681100845 5 3
0.0325706042349339 0.107539787888527 0.807599782943726 0.749832212924957 0.0245444811880589 0.473369657993317 0.841384649276733 0.526007950305939 0.296453505754471 0.413860738277435 3 1
0.318912774324417 0.579144656658173 0.100670114159584
|0.249263912439346 0.61798506975174 0.876258373260498 0.631525695323944 0.485147655010223 0.000707387982401997 0.236866503953934 0.959739685058594 0.344863921403885 0.811751961708069 15 13
0.653023421764374 0.918419003486633 0.883983016014099 0.1047552973032 0.568077743053436 0.552206337451935 0.262680798768997 0.111528053879738 0.223940759897232 0.486046850681305 13 11
0.869858622550964 0.510310232639313 0.77049708366394 0.00380218075588346 0.48708039522171 0.941758275032043 0.248039871454239 0.985253095626831 0.22353795170784 0.241802722215652 11 9
0.187534958124161 0.87271785736084 0.928938269615173 0.282977491617203 0.391210973262787 0.260110765695572 0.140403524041176 0.608843743801117 0.850096583366394 0.640839517116547 9 7
0.463487088680267 0.778926610946655 0.14736844599247 0.320499688386917 0.314434915781021 0.668730318546295 0.573733627796173 0.432679116725922 0.353227764368057 0.215500861406326 7 5
0.944378137588501 0.774052143096924 0.73182874917984 0.721365749835968 0.315018326044083 0.109924212098122 0.0123751182109118 0.992882013320923 0.838096857070923 0.158116593956947 5 3
0.106235399842262 0.092418797314167 0.151021853089333 0.361787110567093 0.648208796977997 0.488552868366241 0.601995766162872 0.927852511405945 0.634672343730927 0.487877547740936 3 1
0.60442715883255 0.69929438829422 0.230831652879715
|0.343167334794998 0.506984531879425 0.191030293703079 0.203367501497269 0.468344390392303 0.250758200883865 0.109661236405373 0.653608977794647 0.806667447090149 0.452172815799713 15 13
0.243579298257828 0.88774836063385 0.707842171192169 0.778538465499878 0.528914391994476 0.863975882530212 0.277350336313248 0.920884370803833 0.891339778900146 0.603799998760223 13 11
0.279778391122818 0.689601600170136 0.0183622855693102 0.0866110399365425 0.755030155181885 0.0505540445446968 0.148066177964211 0.424072682857513 0.0324509181082249 0.226285487413406 11 9
0.415558040142059 0.723253786563873 0.209869652986526 0.671639859676361 0.807887315750122 0.954046607017517 0.248016625642776 0.0201714057475328 0.390892446041107 0.238833576440811 9 7
0.78324031829834 0.497822463512421 0.256700664758682 0.047037847340107 0.067322738468647 0.382075846195221 0.236441642045975 0.987172245979309 0.730135142803192 0.0737229660153389 7 5
0.932851314544678 0.795193552970886 0.779353022575378 0.229457408189774 0.653499066829681 0.640191972255707 0.749250710010529 0.329724699258804 0.454144537448883 0.460913836956024 5 3
0.144526854157448 0.809104800224304 0.557292401790619 0.598834693431854 0.756934285163879 0.13645102083683 0.938091158866882 0.153370156884193 0.714780271053314 0.733461081981659 3 1
0.741397321224213 0.873550891876221 0.0296974219381809
