0.339273482561111 0.0994517952203751 0.614671885967255 0.249547630548477 0.252802282571793 0.656817853450775 0.0906187370419502 0.629550993442535 0.751538634300232 0.767447471618652 14 12
0.764211654663086 0.610800564289093 0.255091577768326 0.62891286611557 0.373231321573257 0.362868100404739 0.843650221824646 0.30498793721199 0.593980014324188 0.393843233585358 12 10
0.00643396470695734 0.3709856569767 0.416191875934601 0.175243034958839 0.899247407913208 0.934454798698425 0.249194532632828 0.590765416622162 0.0387116707861423 0.178618803620338 10 8
0.134788408875465 0.10085965692997 0.192995578050613 0.565184652805328 0.917292475700378 0.731356680393219 0.13020171225071 0.4130819439888 0.224196344614029 0.237056881189346 8 6
0.923264026641846 0.810737252235413 0.779981374740601 0.821672439575195 0.375549852848053 0.886088490486145 0.231390625238419 0.627803504467011 0.459406077861786 0.561045348644257 6 4
0.301696568727493 0.0876030996441841 0.770673990249634 0.282152205705643 0.825581550598145 0.218766242265701 0.862570762634277 0.33760729432106 0.5289346575737 0.695152461528778 4 2
0.687743842601776 0.57876580953598 0.0339616574347019 0.997187733650208 0.513252913951874 0.82183825969696 0.382132589817047 0.757399320602417
|0.140964284539223 0.729767501354218 0.103995814919472 0.000950098154135048 0.603300988674164 0.308425217866898 0.247447639703751 0.686348378658295 0.0216748733073473 0.031892541795969 14 12
0.0444248951971531 0.116823926568031 0.538480699062347 0.665751993656158 0.760180354118347 0.681006491184235 0.539174258708954 0.314053803682327 0.564791262149811 0.00521636055782437 12 10
0.489926874637604 0.100838080048561 0.992744207382202 0.582608044147491 0.373762875795364 0.08175278455019 0.901867747306824 0.930162072181702 0.788788318634033 0.188717991113663 10 8
0.926410317420959 0.198269039392471 0.452121555805206 0.539188325405121 0.305972963571548 0.14704729616642 0.00902569387108088 0.0913069322705269 0.391298115253448 0.9511958360672 8 6
0.510148227214813 0.0745558813214302 0.413716018199921 0.750726222991943 0.352998048067093 0.863331913948059 0.451501429080963 0.354173570871353 0.401626527309418 0.158351913094521 6 4
0.527584612369537 0.158027425408363 0.0649837329983711 0.329619199037552 0.511220991611481 0.945027947425842 0.0680533722043037 0.660631000995636 0.658383786678314 0.168471708893776 4 2
0.619805991649628 0.078190453350544 0.300108224153519 0.79004168510437 0.956103563308716 0.689519107341766 0.470938861370087 0.212343603372574
|0.533845648169518 0.183456502854824 0.434657678008079 0.52160157263279 0.520299389958382 0.634945631027221 0.345190916210413 0.61402553319931 0.86414897441864 0.537883535027504 0 0
0.788760483264923 0.31202092859894 0.482882961630822 0.682436943054199 0.349625140428543 0.531827196478843 0.459618333727121 0.418148264288902 0.551444411277771 0.224909219890833 0 0
0.366019934881479 0.446814760565758 0.315107330679893 0.585732467472553 0.942034542560578 0.0714588165283203 0.594290316104889 0.38408038765192 0.436297180131078 0.310535587370395 0 0
0.547598846256733 0.118233159184456 0.421262726187706 0.458399102091789 0.925326287746429 0.085185706615448 0.191395416855812 0.159585744142532 0.338835403323174 0.571251824498176 0 0
0.498490635305643 0.771095246076584 0.516319707036018 0.596659496426582 0.549536883831024 0.708414107561111 0.525547936558723 0.607782423496247 0.694203048944473 0.743513852357864 0 0
0.323408335447312 0.454049412161112 0.793606698513031 0.316635221242905 0.813910365104676 0.390414699912071 0.703775852918624 0.22948207706213 0.425067767500877 0.534393355250358 0 0
0.784133583307266 0.357882298529148 0.457269312813878 0.610605075955391 0.755457252264023 0.600375860929489 0 0
|0.624804869294167 0.335703880526125 0.559582248330116 0.86020165681839 0.540198087692261 0.56365342438221 0.714114278554917 0.523145362734795 0.521521285176277 0.201643139123917 0 0
0.342703968286514 0.711656868457794 0.793611645698547 0.34772652387619 0.356362164020538 0.0819896459579468 0.295527398586273 0.132974520325661 0.528484165668488 0.32782119512558 0 0
0.168535828590393 0.891985058784485 0.414473865181208 0.407074749484309 0.374116696417331 0.543892085552216 0.369770273566246 0.602045312523842 0.627491146326065 0.82397985458374 0 0
0.474179431796074 0.620187014341354 0.623550266027451 0.384235356003046 0.541116245090961 0.287802018225193 0.651157677173615 0.281083144247532 0.847074747085571 0.324070751667023 0 0
0.439551651477814 0.313599020242691 0.55439430475235 0.190153419971466 0.644087553024292 0.250650525093079 0.0478435754776001 0.568039000034332 0.243960618972778 0.151380240917206 0 0
0.171489149332047 0.346951633691788 0.0638506412506104 0.211835563182831 0.21264186501503 0.298004895448685 0.611642777919769 0.827224016189575 0.744533538818359 0.567535936832428 0 0
0.68047821521759 0.346841841936111 0.185184836387634 0.639040172100067 0.777316093444824 0.573778569698334 0 0
|0.728417813777924 0.267461210489273 0.254643470048904 0.793655514717102 0.787796497344971 0.613073408603668 0.599763095378876 0.598500072956085 0.976759314537048 0.308319598436356 14 12
0.81330931186676 0.0132412929087877 0.710674345493317 0.735961019992828 0.326018959283829 0.700786292552948 0.0755864456295967 0.531308591365814 0.508908808231354 0.0559752061963081 12 10
0.725605905056 0.522643864154816 0.214022785425186 0.996221899986267 0.984821677207947 0.862995982170105 0.843484878540039 0.177395358681679 0.833882689476013 0.442452371120453 10 8
0.960409283638 0.135606661438942 0.649529874324799 0.35161355137825 0.93336009979248 0.816542387008667 0.321597129106522 0.253496199846268 0.453474462032318 0.905446767807007 8 6
0.0737172439694405 0.731453239917755 0.252658039331436 0.371646553277969 0.723523914813995 0.530739724636078 0.819705247879028 0.587761342525482 0.929000020027161 0.925982356071472 6 4
0.34512010216713 0.82049572467804 0.816539406776428 0.351118236780167 0.802239179611206 0.562063157558441 0.544980943202972 0.1213568598032 0.321200877428055 0.373634248971939 4 2
0.880523324012756 0.136998787522316 0.880576968193054 0.224022418260574 0.997661590576172 0.378913462162018 0.586777031421661 0.417061269283295
|0.816120266914368 0.830488443374634 0.683501541614532 0.604208290576935 0.272830635309219 0.458484351634979 0.529046595096588 0.70375257730484 0.428331673145294 0.0456101931631565 14 12
0.100796356797218 0.328371077775955 0.132755771279335 0.721830189228058 0.304797917604446 0.773292899131775 0.842133164405823 0.759468555450439 0.381916344165802 0.76711630821228 12 10
0.206197530031204 0.285528212785721 0.0689454153180122 0.198921233415604 0.709294497966766 0.946147799491882 0.792405009269714 0.46257358789444 0.286855727434158 0.839538812637329 10 8
0.75117015838623 0.893579840660095 0.0535348728299141 0.268755465745926 0.68543928861618 0.149736538529396 0.472028076648712 0.0678995922207832 0.183086767792702 0.871601462364197 8 6
0.416562855243683 0.0243071354925632 0.0281671322882175 0.979518175125122 0.441209018230438 0.3505999147892 0.784827470779419 0.751654267311096 0.476442396640778 0.836476683616638 6 4
0.0538543537259102 0.329668194055557 0.543360769748688 0.684676587581635 0.624831974506378 0.640134394168854 0.22283199429512 0.716634929180145 0.419610798358917 0.449828565120697 4 2
0.348868757486343 0.430566489696503 0.467025816440582 0.576096475124359 0.0180199164897203 0.515552937984467 0.294732600450516 0.281787186861038
|0.0590218380093575 0.714031875133514 0.255963832139969 0.642277538776398 0.956130743026733 0.0571701601147652 0.994816541671753 0.271144181489944 0.815160036087036 0.271959215402603 14 12
0.319925338029861 0.445556104183197 0.073224313557148 0.294823080301285 0.882605195045471 0.0876538828015327 0.807216048240662 0.372129589319229 0.627585589885712 0.994498014450073 12 10
0.173635736107826 0.766669392585754 0.959100961685181 0.316647559404373 0.628374874591827 0.913094401359558 0.858221411705017 0.789070248603821 0.460072100162506 0.53381222486496 10 8
0.532784163951874 0.548989951610565 0.00530457543209195 0.558991968631744 0.39312881231308 0.0904651954770088 0.799139499664307 0.867345690727234 0.798464179039001 0.999435424804688 8 6
0.168052807450294 0.767104268074036 0.931793570518494 0.616022884845734 0.86207640171051 0.252605587244034 0.319052010774612 0.240126639604568 0.292334467172623 0.755207061767578 6 4
0.25729838013649 0.0467461384832859 0.866053104400635 0.356445699930191 0.720095455646515 0.747189700603485 0.888840198516846 0.299746304750443 0.535155355930328 0.237251549959183 4 2
0.475341737270355 0.656038343906403 0.237685829401016 0.623583137989044 0.210603147745132 0.180355206131935 0.804086089134216 0.198708206415176
|0.340971738100052 0.657212793827057 0.795056343078613 0.843128800392151 0.694644391536713 0.341408163309097 0.907106161117554 0.68333774805069 0.853818893432617 0.373078614473343 14 12
0.349030286073685 0.737292349338531 0.0493751838803291 0.47184830904007 0.822184920310974 0.656345427036285 0.939071536064148 0.0113070020452142 0.629063308238983 0.451915323734283 12 10
0.460911571979523 0.848236322402954 0.0919251516461372 0.000219464331166819 0.578787863254547 0.561690747737885 0.380716741085052 0.953803539276123 0.434630572795868 0.807626008987427 10 8
0.673287093639374 0.751210570335388 0.772629618644714 0.0565198734402657 0.894858479499817 0.399863660335541 0.606712162494659 0.411150991916656 0.885436654090881 0.53422349691391 8 6
0.96274209022522 0.33519247174263 0.687886536121368 0.76023006439209 0.943513154983521 0.453385293483734 0.81590735912323 0.277690321207047 0.6818727850914 0.621489346027374 6 4
0.50290185213089 0.370585232973099 0.62560361623764 0.598544061183929 0.287306696176529 0.616040527820587 0.630338609218597 0.911765098571777 0.884973645210266 0.135501638054848 4 2
0.81834864616394 0.558573186397552 0.530666053295136 0.348617941141129 0.176285281777382 0.0337793864309788 0.824161052703857 0.411535561084747
|0.340971738100052 0.657212793827057 0.795056343078613 0.843128800392151 0.694644391536713 0.341408163309097 0.907106161117554 0.68333774805069 0.853818893432617 0.373078614473343 14 12
0.349030286073685 0.737292349338531 0.0493751838803291 0.47184830904007 0.822184920310974 0.656345427036285 0.939071536064148 0.0113070020452142 0.629063308238983 0.451915323734283 12 10
0.460911571979523 0.848236322402954 0.0919251516461372 0.000219464331166819 0.578787863254547 0.561690747737885 0.380716741085052 0.953803539276123 0.434630572795868 0.807626008987427 10 8
0.673287093639374 0.751210570335388 0.772629618644714 0.0565198734402657 0.894858479499817 0.399863660335541 0.606712162494659 0.411150991916656 0.885436654090881 0.53422349691391 8 6
0.96274209022522 0.33519247174263 0.687886536121368 0.76023006439209 0.943513154983521 0.453385293483734 0.81590735912323 0.277690321207047 0.6818727850914 0.621489346027374 6 4
0.50290185213089 0.370585232973099 0.62560361623764 0.598544061183929 0.287306696176529 0.616040527820587 0.630338609218597 0.911765098571777 0.884973645210266 0.135501638054848 4 2
0.81834864616394 0.558573186397552 0.530666053295136 0.348617941141129 0.176285281777382 0.0337793864309788 0.824161052703857 0.411535561084747
|0.455003596842289 0.186799727380276 0.586850896477699 0.714846163988114 0.660171836614609 0.527418911457062 0.709383815526963 0.522192895412445 0.733311623334885 0.619924619793892 0 0
0.534163549542427 0.361355216242373 0.377322586253286 0.428193010389805 0.386354252696038 0.534980937838554 0.144278008490801 0.495417892932892 0.325931586325169 0.331048760563135 0 0
0.538116380572319 0.278053315356374 0.4403126090765 0.583860523998737 0.932036817073822 0.597942247986794 0.755230635404587 0.392514802515507 0.539851620793342 0.362679183483124 0 0
0.536869585514069 0.674820303916931 0.598032653331757 0.0822916030883789 0.170400261878967 0.811937689781189 0.160555616021156 0.298627525568008 0.418683588504791 0.446400105953217 0 0
0.478462398052216 0.205839455127716 0.16592313349247 0.331516891717911 0.11008757352829 0.141319274902344 0.601260930299759 0.467403516173363 0.886596739292145 0.539274461567402 0 0
0.632438853383064 0.616391628980637 0.571996584534645 0.625715747475625 0.677746623754502 0.724933415651322 0.560346662998199 0.26852909475565 0.301445454359054 0.187426522432361 0 0
0.464916590601206 0.54260379076004 0.563135102391243 0.449528262019157 0.635727897286415 0.552304446697235 0 0
|0.140964284539223 0.729767501354218 0.103995814919472 0.000950098154135048 0.603300988674164 0.308425217866898 0.247447639703751 0.686348378658295 0.0216748733073473 0.031892541795969 0 0
0.0444248951971531 0.116823926568031 0.538480699062347 0.665751993656158 0.760180354118347 0.681006491184235 0.539174258708954 0.314053803682327 0.564791262149811 0.00521636055782437 0 0
0.489926874637604 0.100838080048561 0.992744207382202 0.582608044147491 0.373762875795364 0.08175278455019 0.901867747306824 0.930162072181702 0.04509437084198 0.25373438000679 0 0
0.033998966217041 0.0626623779535294 0.197408318519592 0.187574774026871 0.627387166023254 0.669495105743408 0.312571436166763 0.162189275026321 0.0621763467788696 0.0457490682601929 0 0
0.436430990695953 0.656897366046906 0.161057978868485 0.379079669713974 0.370525866746902 0.332592189311981 0.368203818798065 0.233587771654129 0.527373492717743 0.767630457878113 0 0
0.182464510202408 0.662468314170837 0.751555681228638 0.0214990377426147 0.291018187999725 0.382964789867401 0.476927578449249 0.539274156093597 0.337182909250259 0.205162540078163 0 0
0.260717332363129 0.058808334171772 0.580468714237213 0.566019296646118 0.0415580272674561 0.310605645179749 0 0
|0.340971738100052 0.657212793827057 0.795056343078613 0.843128800392151 0.694644391536713 0.341408163309097 0.907106161117554 0.68333774805069 0.853818893432617 0.373078614473343 0 0
0.349030286073685 0.737292349338531 0.0493751838803291 0.177025228738785 0.0604202747344971 0.656345427036285 0.939071536064148 0.0113070020452142 0.00147771835327148 0.54258269071579 0 0
0.287275850772858 0.848236322402954 0.0919251516461372 0.000219464331166819 0.578787863254547 0.561690747737885 0.380716741085052 0.953803539276123 0.434630572795868 0.807626008987427 0 0
0.673287093639374 0.751210570335388 0.772629618644714 0.0565198734402657 0.894858479499817 0.399863660335541 0.606712162494659 0.411150991916656 0.885436654090881 0.465211927890778 0 0
0.794689297676086 0.431911796331406 0.243907034397125 0.144207179546356 0.0814367532730103 0.453385293483734 0.81590735912323 0.277690321207047 0.6818727850914 0.621489346027374 0 0
0.50290185213089 0.370585232973099 0.62560361623764 0.598544061183929 0.287306696176529 0.616040527820587 0.630338609218597 0.911765098571777 0.884973645210266 0.135501638054848 0 0
0.81834864616394 0.558573186397552 0.530666053295136 0.348617941141129 0.176285281777382 0.0337793864309788 0 0
|0.533845648169518 0.183456502854824 0.434657678008079 0.52160157263279 0.520299389958382 0.634945631027221 0.345190916210413 0.61402553319931 0.86414897441864 0.537883535027504 0 0
0.788760483264923 0.0163501501083374 0.350127190351486 0.0393932461738586 0.0448272228240967 0.241465702652931 0.382514834403992 0.341320276260376 0.169528067111969 0.542207062244415 0 0
0.159822404384613 0.161286547780037 0.246161907911301 0.386811226606369 0.232740044593811 0.874688982963562 0.198114693164825 0.0784932002425194 0.149441450834274 0.529003202915192 0 0
0.203571304678917 0.775346696376801 0.367727845907211 0.458399102091789 0.925326287746429 0.085185706615448 0.191395416855812 0.159585744142532 0.338835403323174 0.571251824498176 0 0
0.498490635305643 0.771095246076584 0.516319707036018 0.596659496426582 0.549536883831024 0.708414107561111 0.525547936558723 0.607782423496247 0.694203048944473 0.743513852357864 0 0
0.323408335447312 0.454049412161112 0.793606698513031 0.316635221242905 0.813910365104676 0.390414699912071 0.703775852918624 0.22948207706213 0.425067767500877 0.534393355250358 0 0
0.784133583307266 0.357882298529148 0.457269312813878 0.610605075955391 0.755457252264023 0.600375860929489 0 0
|0.533845648169518 0.183456502854824 0.434657678008079 0.52160157263279 0.520299389958382 0.634945631027221 0.345190916210413 0.61402553319931 0.86414897441864 0.537883535027504 0 0
0.788760483264923 0.31202092859894 0.482882961630822 0.682436943054199 0.349625140428543 0.531827196478843 0.459618333727121 0.418148264288902 0.551444411277771 0.224909219890833 0 0
0.366019934881479 0.446814760565758 0.315107330679893 0.585732467472553 0.568271696567535 0.0102939680218697 0.307577431201935 0.54608166217804 0.352491140365601 0.121817596256733 0 0
0.378811478614807 0.0800358802080154 0.0308588296175003 0.0807892233133316 0.619353294372559 0.061861589550972 0.182369723916054 0.159585744142532 0.338835403323174 0.571251824498176 0 0
0.498490635305643 0.696539342403412 0.102603688836098 0.154066726565361 0.549536883831024 0.708414107561111 0.525547936558723 0.607782423496247 0.694203048944473 0.743513852357864 0 0
0.323408335447312 0.454049412161112 0.793606698513031 0.316635221242905 0.813910365104676 0.390414699912071 0.703775852918624 0.22948207706213 0.425067767500877 0.534393355250358 0 0
0.164327591657639 0.279691845178604 0.457269312813878 0.610605075955391 0.755457252264023 0.0891432464122772 0 0
|0.0590218380093575 0.714031875133514 0.255963832139969 0.642277538776398 0.956130743026733 0.0571701601147652 0.994816541671753 0.271144181489944 0.815160036087036 0.271959215402603 0 0
0.319925338029861 0.445556104183197 0.073224313557148 0.294823080301285 0.882605195045471 0.0876538828015327 0.807216048240662 0.372129589319229 0.627585589885712 0.994498014450073 0 0
0.173635736107826 0.766669392585754 0.959100961685181 0.316647559404373 0.628374874591827 0.913094401359558 0.858221411705017 0.789070248603821 0.460072100162506 0.53381222486496 0 0
0.532784163951874 0.548989951610565 0.00530457543209195 0.558991968631744 0.39312881231308 0.0904651954770088 0.799139499664307 0.456194698810577 0.0869724750518799 0.465211927890778 0 0
0.794689297676086 0.431911796331406 0.243907034397125 0.144207179546356 0.0814367532730103 0.2007797062397 0.496855348348618 0.037563681602478 0.389538317918777 0.133717715740204 0 0
0.2456034719944 0.323839098215103 0.240449488162994 0.242098361253738 0.432788759469986 0.131149172782898 0.258501589298248 0.612018764019012 0.349818289279938 0.101749911904335 0 0
0.343006908893585 0.0974651575088501 0.292980223894119 0.274965196847916 0.210603147745132 0.180355206131935 0 0
|0.533845648169518 0.183456502854824 0.434657678008079 0.0826067179441452 0.247468754649162 0.176461279392242 0.183855682611465 0.0897270441055298 0.435817301273346 0.492273330688477 0 0
0.687964141368866 0.0163501501083374 0.350127190351486 0.0393932461738586 0.0448272228240967 0.241465702652931 0.382514834403992 0.341320276260376 0.169528067111969 0.542207062244415 0 0
0.159822404384613 0.161286547780037 0.246161907911301 0.386811226606369 0.232740044593811 0.874688982963562 0.198114693164825 0.0784932002425194 0.149441450834274 0.529003202915192 0 0
0.203571304678917 0.775346696376801 0.0535348728299141 0.189643636345863 0.239886999130249 0.0645508319139481 0.280632644891739 0.159585744142532 0.338835403323174 0.571251824498176 0 0
0.498490635305643 0.771095246076584 0.516319707036018 0.596659496426582 0.549536883831024 0.708414107561111 0.525547936558723 0.607782423496247 0.694203048944473 0.743513852357864 0 0
0.323408335447312 0.124381221830845 0.250245928764343 0.36804136633873 0.189078390598297 0.249719694256783 0.480943858623505 0.487152844667435 0.00545696914196014 0.0845647901296616 0 0
0.435264825820923 0.0726841911673546 0.00975650362670422 0.0345086008310318 0.737437307834625 0.0848229229450226 0 0
|0.340971738100052 0.657212793827057 0.795056343078613 0.843128800392151 0.694644391536713 0.341408163309097 0.907106161117554 0.68333774805069 0.853818893432617 0.373078614473343 0 0
0.349030286073685 0.737292349338531 0.0493751838803291 0.264112710952759 0.822184920310974 0.656345427036285 0.939071536064148 0.0113070020452142 0.629063308238983 0.451915323734283 0 0
0.460911571979523 0.848236322402954 0.0919251516461372 0.000219464331166819 0.578787863254547 0.561690747737885 0.380716741085052 0.953803539276123 0.434630572795868 0.365173637866974 0 0
0.287122189998627 0.615603923797607 0.123099744319916 0.295093685388565 0.0385016202926636 0.416678726673126 0.285115033388138 0.157654792070389 0.431962192058563 0.371223270893097 0 0
0.88902485370636 0.396260768175125 0.687886536121368 0.76023006439209 0.943513154983521 0.453385293483734 0.81590735912323 0.277690321207047 0.6818727850914 0.621489346027374 0 0
0.50290185213089 0.449910491704941 0.190935790538788 0.247425824403763 0.514932513237 0.053977370262146 0.085357666015625 0.790408253669739 0.563772737979889 0.238132610917091 0 0
0.0621746778488159 0.421574383974075 0.349910914897919 0.124595522880554 0.821376323699951 0.345134079456329 0 0
|0.816120266914368 0.830488443374634 0.683501541614532 0.604208290576935 0.272830635309219 0.458484351634979 0.529046595096588 0.70375257730484 0.428331673145294 0.0456101931631565 0 0
0.100796356797218 0.328371077775955 0.132755771279335 0.721830189228058 0.304797917604446 0.773292899131775 0.842133164405823 0.759468555450439 0.381916344165802 0.76711630821228 0 0
0.206197530031204 0.285528212785721 0.0689454153180122 0.198921233415604 0.709294497966766 0.402255713939667 0.422634720802307 0.139471724629402 0.340635418891907 0.0155589580535889 0 0
0.75117015838623 0.893579840660095 0.0535348728299141 0.268755465745926 0.68543928861618 0.149736538529396 0.472028076648712 0.0678995922207832 0.183086767792702 0.871601462364197 0 0
0.416562855243683 0.289291888475418 0.526227176189423 0.789364755153656 0.202878534793854 0.0999493896961212 0.736983895301819 0.183615267276764 0.232481777667999 0.685096442699432 0 0
0.117634795606136 0.0172834396362305 0.479510128498077 0.472841024398804 0.412190109491348 0.342129498720169 0.388810783624649 0.11058908700943 0.324922740459442 0.117707371711731 0 0
0.331609457731247 0.0837246477603912 0.281840980052948 0.062943696975708 0.759296178817749 0.0582256317138672 0 0
|0.856035232543945 0.841503620147705 0.652390658855438 0.196568161249161 0.579821050167084 0.978816032409668 0.248868018388748 0.812778472900391 0.0880773141980171 0.945822954177856 14 12
0.70161110162735 0.0668393447995186 0.601929724216461 0.220462828874588 0.917763948440552 0.410518705844879 0.905277609825134 0.750576615333557 0.188064604997635 0.0303964652121067 12 10
0.632268249988556 0.684790432453156 0.345563679933548 0.681181848049164 0.184823170304298 0.64680415391922 0.296637207269669 0.919378161430359 0.543149173259735 0.262094646692276 10 8
0.196970015764236 0.530558049678802 0.154306307435036 0.372021704912186 0.766269207000732 0.0461260117590427 0.513948738574982 0.666215479373932 0.729167997837067 0.880621194839478 8 6
0.241894274950027 0.907325506210327 0.0904395654797554 0.621100246906281 0.0187870282679796 0.647017896175385 0.0972561985254288 0.73835414648056 0.903762221336365 0.0151793975383043 6 4
0.103113189339638 0.726008474826813 0.457783639431 0.873188972473145 0.706591665744781 0.663817226886749 0.520718991756439 0.160754218697548 0.729616582393646 0.76061749458313 4 2
0.194129973649979 0.383139669895172 0.480692088603973 0.536393702030182 0.134090080857277 0.231372505426407 0.809169888496399 0.158270850777626
|0.150721326470375 0.436152994632721 0.493863165378571 0.368439346551895 0.246484309434891 0.390697538852692 0.0114812860265374 0.56340366601944 0.872032880783081 0.942386031150818 14 12
0.365843445062637 0.94540810585022 0.888538122177124 0.185242787003517 0.233723312616348 0.090356357395649 0.0386203564703465 0.372181445360184 0.01670909114182 0.369883805513382 12 10
0.739618957042694 0.523657977581024 0.96150267124176 0.964225053787231 0.75320827960968 0.530242264270782 0.149240985512733 0.785207390785217 0.748206317424774 0.484171688556671 10 8
0.153289690613747 0.941619992256165 0.534602582454681 0.491071283817291 0.592312157154083 0.500865519046783 0.0976994186639786 0.68216472864151 0.224739581346512 0.343850046396255 8 6
0.463320910930634 0.169706717133522 0.00359165715053678 0.073556549847126 0.680744588375092 0.186270967125893 0.355541735887527 0.174205556511879 0.649891555309296 0.836227774620056 6 4
0.0160075444728136 0.248269468545914 0.909207701683044 0.541286408901215 0.331494599580765 0.0142186898738146 0.78536057472229 0.864366888999939 0.611930310726166 0.830461621284485 4 2
0.352482110261917 0.138682141900063 0.895460724830627 0.549200832843781 0.0940325409173965 0.265133529901505 0.412198483943939 0.215145975351334
