2 0 0 0 0 0 0 0 0 0 0 0 0 0 0 0 0 2
0 0 0 0 0 0 0 0 0 0 0 0 0 0 0 0 0 0
0 0 3 4 3 0 0 0 0 0 0 0 3 4 4 4 3 0
0 0 4 5 4 0 0 0 0 0 0 0 4 5 5 5 4 0
0 0 4 5 4 0 0 0 0 0 0 0 4 5 5 5 4 0
0 0 3 4 3 0 0 0 0 0 0 0 4 5 5 5 4 0
0 0 0 0 0 0 0 0 0 0 0 0 4 5 5 5 4 0
0 0 3 4 4 3 0 0 3 4 3 0 4 5 5 5 4 0
0 0 4 5 5 4 0 0 4 5 4 0 3 4 4 4 3 0
0 0 4 5 5 4 0 0 3 4 3 0 0 0 0 0 0 0
0 0 4 5 5 4 0 0 0 0 0 0 3 4 4 3 0 0
0 0 3 4 4 3 0 0 0 0 0 0 4 5 5 4 0 0
0 0 0 0 0 0 0 0 0 0 0 0 4 5 5 4 0 0
0 0 0 0 0 0 0 0 0 0 0 0 3 4 4 3 0 0
2 0 0 0 0 0 0 0 0 0 0 0 0 0 0 0 0 2
|2 0 0 0 0 0 0 0 0 0 0 0 0 0 0 0 0 2
0 0 0 0 0 0 0 0 0 0 0 0 0 0 0 0 0 0
0 0 3 4 3 0 0 0 0 0 0 0 3 4 4 4 3 0
0 0 4 5 4 0 0 0 0 0 0 0 4 5 5 5 4 0
0 0 4 5 4 0 0 0 0 0 0 0 4 5 5 5 4 0
0 0 3 4 3 0 0 0 0 0 0 0 4 5 5 5 4 0
0 0 0 0 0 0 0 0 0 0 0 0 4 5 5 5 4 0
0 0 3 4 4 3 0 0 3 4 3 0 4 5 5 5 4 0
0 0 4 5 5 4 0 0 4 5 4 0 3 4 4 4 3 0
0 0 4 5 5 4 0 0 3 4 3 0 0 0 0 0 0 0
0 0 4 5 5 4 0 0 0 0 0 0 3 4 4 3 0 0
0 0 3 4 4 3 0 0 0 0 0 0 4 5 5 4 0 0
0 0 0 0 0 0 0 0 0 0 0 0 4 5 5 4 0 0
0 0 0 0 0 0 0 0 0 0 0 0 3 4 4 3 0 0
2 0 0 0 0 0 0 0 0 0 0 0 0 0 0 0 0 2
|2 0 0 0 0 0 0 0 0 0 0 0 0 0 0 0 0 0 2
0 0 0 0 0 0 3 4 4 4 4 4 3 0 0 0 0 0 0
0 0 0 0 0 0 4 5 5 5 5 5 4 0 0 0 0 0 0
0 0 0 0 0 0 3 4 4 4 4 4 3 0 0 0 0 0 0
0 0 0 0 0 3 4 4 3 0 3 4 4 3 0 0 0 0 0
0 0 0 0 0 4 5 5 4 0 4 5 5 4 0 0 0 0 0
0 3 4 3 0 4 5 5 4 0 4 5 5 4 0 0 3 4 3
0 4 5 4 0 4 5 5 4 0 4 5 5 4 0 0 4 5 4
0 4 5 4 0 4 5 5 4 0 4 5 5 4 0 0 4 5 4
0 4 5 4 0 4 5 5 4 0 4 5 5 4 0 0 4 5 4
0 4 5 4 0 4 5 5 4 0 4 5 5 4 0 0 4 5 4
0 4 5 4 0 4 5 5 4 0 4 5 5 4 0 0 3 4 3
0 4 5 4 0 3 4 4 3 0 3 4 4 3 0 0 0 0 0
0 4 5 4 0 0 0 0 0 0 0 0 0 0 3 4 4 3 0
0 3 4 3 0 3 4 4 4 4 4 3 0 0 4 5 5 4 0
0 0 0 0 0 4 5 5 5 5 5 4 0 0 4 5 5 4 0
2 0 0 0 0 3 4 4 4 4 4 3 0 0 3 4 4 3 2
|